0.000000
0.000250
0.000125
0.001375
0.001375
0.001375
0.001375
0.001375
0.001375
0.000125
0.000000
0.000125
0.000000
0.001375
0.000125
0.001375
0.000000
0.001375
0.000000
0.001375
0.001375
0.000000
0.000000
0.001375
0.000250
0.001375
0.000125
0.000000
0.001375
0.000000
0.001375
0.001375
0.001375
0.000000
0.001375
0.001375
0.001375
0.001375
0.001375
0.001375
0.001375
0.000000
0.001375
0.000000
0.001375
0.000125
0.000125
0.000000
0.001375
0.000125
0.001375
0.000000
0.000000
0.000000
0.001375
0.000000
0.000250
0.000000
0.000000
0.001375
0.000000
0.001375
0.000000
0.001375
0.001375
0.000000
0.001375
0.000000
0.001375
0.000000
0.000125
0.001375
0.000000
0.001375
0.001375
0.000000
0.000000
0.000000
0.000000
0.000000
0.001375
0.000000
0.001375
0.001375
0.000000
0.001375
0.000125
0.000000
0.000000
0.000000
0.001375
0.001375
0.000000
0.001375
0.000000
0.000000
0.000000
0.000000
0.001375
0.001375
0.001375
0.001375
0.000000
0.000000
0.000000
0.000000
0.001375
0.000000
0.001375
0.001375
0.001375
0.001375
0.000000
0.000000
0.001375
0.000000
0.001375
0.001375
0.001375
0.001375
0.000000
0.001375
0.001375
0.000125
0.001375
0.001375
0.001375
0.001375
0.000125
0.001375
0.000250
0.000000
0.001375
0.000000
0.001375
0.001375
0.001375
0.001375
0.001375
0.000125
0.000125
0.000000
0.001375
0.001375
0.001375
0.001375
0.000000
0.000000
0.000000
0.001375
0.000250
0.001375
0.001375
0.001375
0.001375
0.000125
0.000000
0.000000
0.001375
0.000000
0.001375
0.001375
0.001375
0.000000
0.000000
0.000000
0.000000
0.000250
0.000000
0.001375
0.000000
0.001375
0.000250
0.000125
0.000000
0.000000
0.001375
0.001375
0.000000
0.001375
0.000125
0.000000
0.000000
0.000000
0.001375
0.000000
0.001375
0.000000
0.000000
0.000000
0.000000
0.000000
0.000000
0.001375
0.001375
0.000000
0.001375
0.000125
0.000125
0.000000
0.000000
0.001375
0.000000
0.001375
0.000000
0.000000
0.000000
0.000000
0.001375
0.001375
0.000000
0.001375
0.000000
0.001375
0.000125
0.000500
0.001375
0.001375
0.001375
0.001375
0.000000
0.000125
0.000000
0.001375
0.000250
0.000000
0.000000
0.001375
0.001375
0.001375
0.000125
0.000125
0.000000
0.000000
0.001375
0.001375
0.001375
0.000000
0.001375
0.000250
0.000000
0.000000
0.001375
0.001375
0.000125
0.000000
0.000000
0.000000
0.001375
0.000000
0.001375
0.001375
0.001375
0.000000
0.000125
0.000000
0.000000
0.001375
0.000000
0.001375
0.001375
0.000125
0.000250
0.001375
0.000125
0.001375
0.001375
0.000000
0.001375
0.000250
0.000250
0.000125
0.000125
0.001375
0.000000
0.001375
0.001375
0.000000
0.000000
0.001375
0.000000
0.000000
0.001375
0.001375
0.001375
0.000000
0.000000
0.000000
0.000125
0.000000
0.001375
0.001375
0.001375
0.000000
0.000000
0.000000
0.000000
0.000000
0.001375
0.000000
0.001375
0.000000
0.001375
0.000250
0.000250
0.000125
0.000000
0.001375
0.001375
0.000000
0.000000
0.001375
0.000000
0.001375
0.001375
0.001375
0.000000
0.000125
0.001375
0.000250
0.000000
0.000000
0.000000
0.001375
0.000250
0.000000
0.000125
0.000250
0.000375
0.000875
0.001250
0.001625
0.002500
0.003375
0.004625
0.006750
0.008875
0.011125
0.017000
0.019875
0.022625
0.025250
0.027000
0.031000
0.033625
0.036250
0.039250
0.041250
0.043625
0.044875
0.046750
0.048875
0.053000
0.054375
0.056125
0.056125
0.057000
0.057875
0.059000
0.058875
0.059500
0.060875
0.061625
0.063000
0.064250
0.064375
0.065625
0.066125
0.065875
0.066625
0.067500
0.068500
0.069125
0.069500
0.070375
0.070250
0.071500
0.074125
0.074750
0.075500
0.075375
0.077375
0.077875
0.078750
0.079625
0.079625
0.080875
0.081625
0.082000
0.083875
0.084250
0.084875
0.085125
0.085625
0.087500
0.088250
0.091250
0.091625
0.092250
0.093875
0.094750
0.097125
0.099375
0.101375
0.103000
0.105500
0.106750
0.107500
0.108750
0.110625
0.113500
0.115375
0.119125
0.121375
0.123750
0.123750
0.127625
0.132000
0.138500
0.143000
0.148250
0.151625
0.154625
0.154625
0.155625
0.157000
0.161500
0.164000
0.167250
0.169625
0.172125
0.174250
0.175625
0.177500
0.179625
0.181875
0.184750
0.186125
0.186750
0.188875
0.189750
0.191750
0.192375
0.192750
0.193875
0.194500
0.195875
0.195250
0.196000
0.197375
0.198625
0.199250
0.199625
0.201250
0.202000
0.202875
0.203500
0.203250
0.204125
0.205375
0.207375
0.207125
0.208000
0.208250
0.209000
0.209625
0.211000
0.211000
0.211125
0.211125
0.211625
0.213375
0.212875
0.213750
0.217750
0.217750
0.218500
0.218375
0.218500
0.220750
0.222750
0.223250
0.224875
0.226125
0.226625
0.229000
0.230750
0.231750
0.235125
0.237375
0.239000
0.240250
0.242125
0.243625
0.245625
0.246500
0.248000
0.249375
0.252625
0.256375
0.257375
0.258875
0.261375
0.261875
0.263625
0.264875
0.267000
0.268625
0.270375
0.272375
0.272375
0.274000
0.275250
0.277125
0.278625
0.280000
0.281750
0.282875
0.285500
0.287500
0.289375
0.289375
0.291125
0.293125
0.294500
0.296125
0.297500
0.299375
0.300625
0.301375
0.303250
0.305375
0.306125
0.307875
0.307875
0.308500
0.308625
0.312500
0.313500
0.315250
0.316000
0.317875
0.320000
0.320500
0.322375
0.324625
0.325875
0.326875
0.329500
0.329500
0.332000
0.334000
0.334750
0.336625
0.338875
0.341875
0.343875
0.346875
0.346875
0.349750
0.352000
0.354750
0.357375
0.360375
0.361625
0.363625
0.366625
0.369250
0.372375
0.374250
0.376000
0.379375
0.382875
0.385000
0.387000
0.389375
0.390125
0.393750
0.394875
0.397125
0.397250
0.398875
0.401250
0.402000
0.402000
0.404500
0.406250
0.408250
0.409500
0.411000
0.412625
0.412750
0.415000
0.416125
0.416500
0.416750
0.418125
0.419625
0.420500
0.420375
0.421625
0.422625
0.424375
0.425375
0.426000
0.426500
0.427750
0.429750
0.429750
0.431125
0.432250
0.433250
0.436375
0.437750
0.440125
0.441500
0.443750
0.445750
0.446500
0.448125
0.447875
0.449875
0.450375
0.453375
0.453500
0.454875
0.455500
0.458750
0.459625
0.460875
0.461875
0.464125
0.464125
0.465500
0.467125
0.469000
0.470625
0.472875
0.474375
0.476125
0.476875
0.479000
0.480125
0.482500
0.484625
0.486250
0.487625
0.490500
0.492875
0.492625
0.493875
0.496750
0.498500
0.498750
0.499375
0.499125
0.499125
0.500625
0.502750
0.501750
0.504625
0.507000
0.508125
0.510000
0.509625
0.510375
0.510500
0.511000
0.512000
0.513750
0.513875
0.516375
0.517250
0.517500
0.519000
0.519250
0.521000
0.521875
0.522000
0.522000
0.523125
0.523750
0.525125
0.525000
0.526125
0.527125
0.529250
0.529125
0.531125
0.530750
0.531500
0.533750
0.534375
0.535750
0.536875
0.537125
0.539000
0.539875
0.539375
0.541375
0.541750
0.545000
0.545500
0.545125
0.546000
0.546000
0.547500
0.547250
0.548375
0.548250
0.548125
0.550000
0.550500
0.551000
0.550500
0.552500
0.554000
0.555125
0.555500
0.556250
0.557125
0.558625
0.557875
0.557375
0.557625
0.559625
0.559125
0.559125
0.559125
0.560875
0.561375
0.562250
0.563750
0.563875
0.562750
0.564500
0.565625
0.567000
0.567125
0.568000
0.568250
0.570750
0.570125
0.571500
0.572000
0.572875
0.574625
0.574500
0.576250
0.576000
0.578000
0.578000
0.579250
0.580000
0.580125
0.582500
0.582000
0.582250
0.583750
0.582875
0.585125
0.586000
0.585375
0.585000
0.584250
0.586125
0.586625
0.584625
0.585875
0.585250
0.585000
0.585875
0.586125
0.587000
0.586625
0.586625
0.588250
0.586625
0.586625
0.586875
0.587500
0.587500
0.587750
0.588750
0.588750
0.588125
0.590125
0.589875
0.589625
0.590750
0.592375
0.591000
0.591500
0.591375
0.591875
0.593000
0.592875
0.593500
0.592875
0.593250
0.594125
0.597125
0.596125
0.597000
0.597000
0.598250
0.597750
0.598125
0.598250
0.597875
0.599500
0.599500
0.599000
0.599750
0.602750
0.601750
0.602750
0.602750
0.603375
0.603000
0.604125
0.604000
0.605750
0.605000
0.606250
0.608125
0.609125
0.609375
0.610000
0.613500
0.614875
0.615250
0.616125
0.617500
0.618875
0.620875
0.621750
0.623250
0.624000
0.626625
0.627125
0.629500
0.630750
0.631125
0.633500
0.633500
0.635250
0.635875
0.636000
0.637750
0.639250
0.639625
0.641625
0.641250
0.641625
0.642375
0.641750
0.643500
0.645125
0.644750
0.646875
0.646500
0.646875
0.647625
0.647625
0.648250
0.649750
0.650500
0.650125
0.652250
0.652375
0.654000
0.653375
0.655500
0.656000
0.656125
0.657625
0.657125
0.658750
0.660125
0.661125
0.660625
0.662125
0.663000
0.664375
0.666375
0.666625
0.668750
0.670500
0.670500
0.673250
0.674750
0.675375
0.677375
0.679375
0.681125
0.682375
0.684250
0.685500
0.686625
0.688875
0.691625
0.693750
0.695125
0.696000
0.697500
0.699000
0.701500
0.703625
0.704750
0.706125
0.706750
0.708250
0.709375
0.710500
0.710500
0.712375
0.713875
0.714500
0.714500
0.713875
0.713875
0.714500
0.715500
0.717000
0.717250
0.716000
0.717750
0.717875
0.719750
0.720000
0.720750
0.722750
0.722875
0.723125
0.724375
0.723625
0.724000
0.724875
0.726375
0.726000
0.726750
0.727875
0.729125
0.729375
0.730375
0.731375
0.731375
0.732750
0.733625
0.733875
0.733750
0.734875
0.736250
0.736625
0.736750
0.738375
0.741500
0.740875
0.741750
0.743750
0.745000
0.746125
0.747875
0.748750
0.749500
0.751625
0.752875
0.753500
0.754750
0.756875
0.757750
0.760250
0.760250
0.763250
0.763500
0.765250
0.766000
0.769500
0.772375
0.772750
0.774500
0.777125
0.779750
0.782750
0.784500
0.786125
0.788250
0.789875
0.792625
0.795250
0.797750
0.798750
0.801500
0.803750
0.804750
0.807500
0.810125
0.813750
0.813750
0.814750
0.817625
0.819500
0.821375
0.823875
0.823250
0.825625
0.827125
0.828500
0.829125
0.830250
0.831125
0.832000
0.834375
0.838500
0.840500
0.842875
0.843375
0.845875
0.847250
0.848125
0.849750
0.850375
0.852500
0.854125
0.856250
0.855750
0.859875
0.858000
0.859500
0.859500
0.861625
0.861750
0.862750
0.864125
0.864750
0.865125
0.867625
0.867500
0.868750
0.870375
0.872625
0.874125
0.878375
0.879125
0.881625
0.883500
0.885875
0.888125
0.889625
0.891125
0.893125
0.893250
0.895625
0.897500
0.897625
0.898750
0.898750
0.900750
0.902875
0.904250
0.905000
0.904250
0.906375
0.908125
0.909250
0.910000
0.911375
0.913000
0.914375
0.917375
0.918500
0.920500
0.925375
0.930000
0.931750
0.931375
0.934125
0.936375
0.935625
0.937500
0.937875
0.939625
0.941625
0.943125
0.944875
0.946375
0.948000
0.951250
0.952125
0.952125
0.954375
0.953625
0.957625
0.959875
0.959750
0.960125
0.962500
0.966000
0.966500
0.967000
0.968375
0.969000
0.970000
0.972125
0.973125
0.974125
0.975500
0.976375
0.978000
0.978500
0.978000
0.978875
0.981625
0.982750
0.982750
0.984000
0.985125
0.984875
0.986500
0.987625
0.989500
0.989250
0.989750
0.990875
0.991625
0.992625
0.994125
0.993250
0.995375
0.997875
0.999000
0.999625
1.000375
1.000375
1.001500
1.002125
1.002750
1.001875
1.004750
1.005250
1.005250
1.005500
1.007625
1.007875
1.010375
1.010750
1.012250
1.013625
1.015000
1.016750
1.017000
1.018625
1.021500
1.024375
1.026875
1.028000
1.031250
1.034625
1.037750
1.038625
1.040250
1.043625
1.048000
1.050500
1.053000
1.053000
1.055125
1.057125
1.061750
1.064375
1.065375
1.067375
1.069625
1.072000
1.074125
1.076375
1.079000
1.081125
1.083500
1.084250
1.085250
1.086000
1.088000
1.088875
1.090750
1.092000
1.094125
1.095875
1.096625
1.098250
1.099750
1.100500
1.101125
1.103500
1.104250
1.105250
1.105250
1.106375
1.109000
1.108625
1.110750
1.111875
1.115000
1.116125
1.116875
1.116625
1.118375
1.119750
1.122750
1.124750
1.124250
1.125875
1.128250
1.129250
1.132500
1.132750
1.135500
1.137250
1.138625
1.139250
1.140125
1.141625
1.143000
1.144875
1.145000
1.146375
1.148750
1.150500
1.150500
1.153125
1.153000
1.155875
1.156625
1.157250
1.157375
1.157875
1.159125
1.160500
1.163000
1.162750
1.165375
1.168750
1.171875
1.174125
1.176250
1.177000
1.179500
1.181625
1.182875
1.184750
1.188375
1.189875
1.193375
1.193375
1.194875
1.196875
1.200750
1.204250
1.208125
1.210375
1.212250
1.214625
1.217500
1.219125
1.219875
1.222250
1.223125
1.227625
1.228000
1.231750
1.234500
1.237625
1.239125
1.241250
1.242750
1.245000
1.246625
1.246625
1.250000
1.251625
1.255375
1.256750
1.259625
1.262375
1.264250
1.265875
1.269250
1.271375
1.275250
1.276125
1.277125
1.280000
1.281000
1.281250
1.283750
1.285500
1.286625
1.290500
1.291500
1.291875
1.293500
1.293500
1.294000
1.295500
1.297500
1.297625
1.298750
1.300625
1.302625
1.302750
1.303625
1.304750
1.307250
1.309000
1.311750
1.314625
1.316250
1.319500
1.321500
1.322875
1.324625
1.327000
1.329500
1.332000
1.332750
1.332750
1.334750
1.337000
1.340875
1.342125
1.344750
1.346125
1.350750
1.352250
1.355375
1.356250
1.357125
1.359250
1.363375
1.362875
1.366500
1.366875
1.369125
1.372250
1.374500
1.375250
1.376500
1.379000
1.380875
1.381625
1.381750
1.384000
1.385875
1.386500
1.390125
1.391125
1.392500
1.392500
1.396750
1.397000
1.398125
1.398125
1.399000
1.401250
1.402250
1.402250
1.402500
1.402875
1.404375
1.404125
1.406125
1.406625
1.406750
1.407750
1.406750
1.406125
1.406125
1.406500
1.406500
1.407250
1.405250
1.405250
1.405000
1.406000
1.407125
1.407375
1.405500
1.406375
1.406750
1.407375
1.405625
1.405500
1.405500
1.406375
1.406125
1.405625
1.405000
1.405625
1.405875
1.408000
1.407000
1.408750
1.409875
1.411250
1.413375
1.413375
1.414000
1.416125
1.417625
1.420125
1.421875
1.423875
1.427250
1.428625
1.431875
1.436250
1.438375
1.443125
1.445875
1.449125
1.450125
1.452750
1.454875
1.456625
1.460125
1.462125
1.465625
1.468000
1.472000
1.472000
1.473375
1.474250
1.476250
1.478000
1.481125
1.481500
1.484125
1.486125
1.487375
1.489750
1.492625
1.493250
1.495750
1.498000
1.499750
1.501250
1.501250
1.501875
1.502250
1.503125
1.501875
1.502875
1.503250
1.503250
1.504500
1.504250
1.504750
1.504250
1.505625
1.506375
1.505250
1.505375
1.504000
1.506250
1.504250
1.504750
1.504625
1.504000
1.506375
1.505250
1.504250
1.505750
1.505750
1.506500
1.506500
1.504375
1.505750
1.505250
1.505250
1.505000
1.505625
1.503500
1.505000
1.506625
1.506750
1.506750
1.505250
1.505125
1.506875
1.505625
1.505625
1.507000
1.507250
1.508625
1.510000
1.511625
1.512875
1.514375
1.517250
1.520375
1.522500
1.524250
1.525250
1.529125
1.529125
1.531125
1.534125
1.539000
1.542125
1.545000
1.547375
1.549875
1.552125
1.555250
1.556375
1.559500
1.559125
1.560250
1.562500
1.565625
1.568250
1.569375
1.572375
1.574500
1.576625
1.579500
1.581750
1.584625
1.584625
1.587250
1.591625
1.592625
1.594125
1.596625
1.596875
1.600000
1.599750
1.601125
1.603250
1.603500
1.604125
1.607500
1.608875
1.610125
1.611000
1.611625
1.611375
1.612375
1.613875
1.613875
1.613750
1.614500
1.614750
1.614750
1.616000
1.616000
1.618000
1.618750
1.620625
1.620250
1.620250
1.619750
1.620500
1.621000
1.621250
1.622125
1.621750
1.622250
1.623375
1.624000
1.625000
1.626500
1.626750
1.628500
1.628750
1.629625
1.629125
1.629125
1.630875
1.631750
1.632375
1.632750
1.635250
1.638250
1.641875
1.643750
1.644625
1.648375
1.651250
1.652625
1.653125
1.654875
1.656875
1.661125
1.663500
1.664125
1.668875
1.672250
1.675250
1.678500
1.682000
1.682000
1.685500
1.688875
1.691750
1.693875
1.695125
1.697875
1.701625
1.702750
1.705125
1.707250
1.711500
1.714375
1.717875
1.720375
1.721500
1.724750
1.726500
1.727375
1.729625
1.732625
1.734625
1.736250
1.738375
1.738375
1.738875
1.740125
1.742875
1.744875
1.745375
1.748000
1.749875
1.750625
1.751500
1.752250
1.752250
1.754000
1.754625
1.755625
1.757375
1.757625
1.759375
1.760375
1.760875
1.760625
1.760625
1.761875
1.762125
1.763625
1.762625
1.762625
1.762500
1.763250
1.763750
1.764500
1.764375
1.765250
1.766000
1.766375
1.766125
1.765375
1.766000
1.767375
1.768000
1.768125
1.768000
1.768875
1.770125
1.768750
1.771125
1.773000
1.774000
1.775625
1.776500
1.778625
1.778625
1.777250
1.780250
1.781875
1.782125
1.784250
1.784500
1.785875
1.788375
1.790500
1.793250
1.795625
1.798500
1.799250
1.800375
1.801500
1.802625
1.806875
1.808250
1.808500
1.812125
1.812125
1.815750
1.817625
1.817625
1.819375
1.820750
1.823125
1.825375
1.826000
1.829000
1.830250
1.830875
1.832125
1.833500
1.833875
1.836625
1.839250
1.841625
1.842875
1.844750
1.844125
1.845250
1.846750
1.848250
1.850250
1.852500
1.854625
1.856500
1.856500
1.857875
1.861125
1.864750
1.867375
1.871000
1.873000
1.875875
1.880375
1.883625
1.886875
1.889000
1.891625
1.892750
1.895125
1.896750
1.901250
1.907125
1.908875
1.910125
1.911625
1.911000
1.914125
1.914125
1.914125
1.915750
1.916250
1.918500
1.919750
1.921625
1.922625
1.924500
1.923875
1.925875
1.927750
1.926875
1.928125
1.929875
1.932125
1.931125
1.932625
1.934125
1.935000
1.938250
1.939750
1.942125
1.943875
1.946500
1.946500
1.948875
1.950000
1.950750
1.950625
1.953875
1.954875
1.956875
1.959375
1.960375
1.963250
1.965625
1.966750
1.969875
1.972750
1.975125
1.976500
1.978875
1.981125
1.981875
1.982750
1.985125
1.985500
1.987125
1.988125
1.988125
1.989750
1.990125
1.992875
1.993875
1.994375
1.997250
1.997000
1.997500
2.000000
2.000750
2.003125
2.002500
2.003250
2.003250
2.004875
2.006750
2.007750
2.007125
2.008250
2.008750
2.008375
2.009250
2.010125
2.010125
2.010125
2.011000
2.011500
2.011000
2.012750
2.013000
2.014250
2.015375
2.014125
2.016125
2.016500
2.016125
2.017250
2.018250
2.017750
2.018750
2.020000
2.019250
2.021250
2.022250
2.022500
2.022750
2.024750
2.023375
2.023375
2.023375
2.025750
2.024375
2.024375
2.024375
2.025375
2.025625
2.026250
2.024000
2.027000
2.029000
2.027625
2.029375
2.029750
2.029500
2.028250
2.030875
2.030625
2.030500
2.031000
2.032750
2.032625
2.033125
2.033875
2.033875
2.034875
2.035750
2.037125
2.036375
2.037500
2.036750
2.040125
2.041000
2.040375
2.041125
2.042875
2.044375
2.046875
2.048625
2.048375
2.049375
2.051875
2.053250
2.052625
2.053875
2.055625
2.057875
2.059250
2.059250
2.060250
2.062625
2.063125
2.063750
2.065250
2.066000
2.067250
2.068375
2.069750
2.069375
2.070750
2.071500
2.072375
2.075000
2.075375
2.076375
2.077375
2.079250
2.080375
2.080250
2.080625
2.082750
2.082500
2.082875
2.083000
2.083000
2.082875
2.084375
2.085375
2.085750
2.085500
2.085375
2.089125
2.090250
2.090000
2.091000
2.092375
2.092750
2.092875
2.094000
2.094750
2.095750
2.096250
2.095000
2.096750
2.097000
2.098875
2.099625
2.099625
2.100750
2.099250
2.100000
2.099500
2.101375
2.102375
2.102250
2.103125
2.104625
2.105125
2.106750
2.107625
2.107625
2.110500
2.112875
2.113500
2.114875
2.115875
2.117750
2.119125
2.120125
2.121750
2.124000
2.124000
2.127125
2.127750
2.129250
2.131250
2.133125
2.134375
2.135250
2.137500
2.139750
2.141000
2.143125
2.143000
2.146000
2.147750
2.151250
2.155000
2.156875
2.158500
2.159375
2.162000
2.163000
2.163625
2.164375
2.166000
2.168000
2.168000
2.169000
2.168875
2.171000
2.172500
2.173375
2.174875
2.176625
2.175875
2.178125
2.178375
2.180500
2.179625
2.178750
2.179375
2.180250
2.180625
2.179250
2.182000
2.183500
2.182375
2.183125
2.182000
2.182250
2.182250
2.183500
2.183625
2.183875
2.184375
2.186125
2.185625
2.185875
2.186125
2.187250
2.188375
2.189625
2.190125
2.190750
2.190500
2.192250
2.194250
2.194625
2.195750
2.197500
2.200375
2.202125
2.204125
2.206625
2.208500
2.208500
2.211750
2.213500
2.214750
2.216875
2.218000
2.221250
2.223125
2.225250
2.227375
2.229875
2.232875
2.235750
2.237875
2.240125
2.241375
2.243125
2.244750
2.246625
2.249000
2.252375
2.254875
2.255250
2.256250
2.258250
2.258250
2.261125
2.265250
2.266125
2.267500
2.270500
2.272875
2.273000
2.274250
2.274500
2.277250
2.278875
2.279375
2.280750
2.281000
2.283750
2.284750
2.285875
2.286125
2.286875
2.286875
2.286250
2.286750
2.288875
2.288875
2.288750
2.289875
2.290250
2.288000
2.290750
2.291125
2.291625
2.292125
2.291875
2.291500
2.292500
2.291875
2.291375
2.291875
2.292375
2.292375
2.292375
2.292125
2.291875
2.292875
2.293250
2.292750
2.292750
2.294000
2.293125
2.292875
2.293000
2.293500
2.294250
2.294000
2.295500
2.296000
2.296125
2.296000
2.298125
2.299000
2.300125
2.300875
2.300875
2.302375
2.303750
2.304375
2.304500
2.306000
2.306375
2.307750
2.307750
2.308875
2.310000
2.311875
2.313500
2.316500
2.316750
2.317875
2.320375
2.322250
2.324500
2.324500
2.325375
2.327125
2.328125
2.330500
2.331375
2.332500
2.335500
2.336000
2.339125
2.339125
2.342125
2.345000
2.345500
2.345500
2.346250
2.348500
2.348875
2.351125
2.354000
2.356125
2.358000
2.360500
2.361625
2.363250
2.363375
2.364750
2.368000
2.369375
2.371625
2.374000
2.375125
2.377375
2.378750
2.380625
2.381625
2.383000
2.385625
2.385625
2.385625
2.385125
2.386375
2.387000
2.389125
2.389250
2.389250
2.389750
2.390500
2.391875
2.392125
2.392500
2.392375
2.393750
2.392500
2.393250
2.393250
2.393750
2.393750
2.393375
2.393125
2.391625
2.395250
2.393375
2.394750
2.393625
2.394125
2.394250
2.394625
2.393750
2.394375
2.393250
2.393125
2.393125
2.392750
2.392125
2.391375
2.391875
2.394625
2.393625
2.393625
2.394000
2.394125
2.393125
2.393000
2.393375
2.392750
2.393250
2.392375
2.393250
2.393500
2.394250
2.392500
2.394125
2.395250
2.394250
2.394250
2.394125
2.394500
2.394500
2.393500
2.391875
2.392750
2.393375
2.393375
2.394125
2.393375
2.394375
2.392375
2.394875
2.394625
2.393250
2.392750
2.393000
2.394250
2.393875
2.392625
2.393125
2.392625
2.393250
2.395375
2.393750
2.394375
2.393750
2.394000
2.393625
2.395250
2.392625
2.392625
2.393875
2.395750
2.396125
2.395750
2.395250
2.396625
2.398500
2.398750
2.399875
2.399000
2.401750
2.403375
2.403875
2.404875
2.405375
2.407750
2.410000
2.412125
2.411875
2.412750
2.414125
2.414625
2.414625
2.416125
2.415625
2.416375
2.417000
2.418875
2.420000
2.419125
2.419250
2.421250
2.422250
2.423375
2.422625
2.423500
2.424375
2.424500
2.424750
2.424625
2.425625
2.426000
2.426375
2.426375
2.426375
2.426375
2.426375
2.426250
2.427000
2.427375
2.427250
2.427750
2.427875
2.429000
2.429250
2.427375
2.429000
2.428750
2.429750
2.428750
2.428750
2.429500
2.430000
2.429375
2.430250
2.429875
2.430625
2.432250
2.433875
2.433250
2.433250
2.433625
2.433250
2.432875
2.435000
2.434625
2.436500
2.436750
2.438000
2.437875
2.439750
2.442250
2.441625
2.443375
2.443625
2.443875
2.445000
2.446750
2.447375
2.448125
2.449500
2.452250
2.452375
2.452375
2.454125
2.456125
2.456375
2.457750
2.459500
2.460000
2.462000
2.462375
2.464750
2.465750
2.466875
2.468000
2.469750
2.472000
2.472875
2.474250
2.473750
2.476125
2.476375
2.477375
2.477375
2.478625
2.478625
2.479500
2.481250
2.481625
2.481375
2.483375
2.484625
2.486125
2.486500
2.486375
2.487000
2.487625
2.488125
2.490125
2.489125
2.489125
2.490250
2.492000
2.493375
2.492875
2.493875
2.495500
2.496750
2.498375
2.497500
2.497500
2.498375
2.499250
2.501375
2.503375
2.504500
2.504750
2.506625
2.508500
2.510125
2.511750
2.511750
2.513625
2.515125
2.515375
2.516375
2.518625
2.521500
2.522125
2.522375
2.524125
2.526125
2.528500
2.528500
2.527125
2.528625
2.530375
2.533875
2.535750
2.537250
2.538500
2.539250
2.542250
2.544500
2.544875
2.545500
2.548000
2.551000
2.552875
2.553875
2.556375
2.557625
2.559750
2.561000
2.562375
2.564250
2.564250
2.566875
2.567500
2.569000
2.569625
2.571500
2.572750
2.575625
2.577000
2.578000
2.578875
2.580375
2.583375
2.584250
2.588000
2.590875
2.592500
2.593750
2.595375
2.597500
2.597250
2.599875
2.602000
2.603500
2.606125
2.606375
2.608125
2.607500
2.607500
2.608625
2.611125
2.611375
2.611875
2.614000
2.615375
2.618125
2.618500
2.618125
2.619625
2.621750
2.622375
2.622125
2.623125
2.624875
2.626375
2.629375
2.628500
2.629125
2.633125
2.633125
2.633000
2.633500
2.633000
2.634000
2.636625
2.638250
2.638750
2.640750
2.641750
2.643000
2.644875
2.645750
2.648000
2.649250
2.650000
2.653125
2.653875
2.654375
2.656375
2.656500
2.656500
2.659500
2.658625
2.660500
2.663750
2.664500
2.666000
2.668125
2.669000
2.671000
2.673250
2.675000
2.677750
2.680250
2.683250
2.686375
2.686625
2.688750
2.691500
2.694625
2.696125
2.698750
2.699750
2.701125
2.703375
2.703375
2.706625
2.708000
2.711125
2.712625
2.715375
2.717375
2.718000
2.720250
2.721500
2.724500
2.728000
2.727625
2.728875
2.730625
2.732750
2.735250
2.736250
2.738000
2.740000
2.741625
2.741500
2.744625
2.747625
2.747625
2.748500
2.750000
2.750875
2.753125
2.753750
2.757500
2.757875
2.760250
2.762125
2.763250
2.765750
2.768125
2.770625
2.772625
2.775250
2.778750
2.780875
2.780875
2.782250
2.785125
2.788625
2.790125
2.791125
2.791125
2.792875
2.795500
2.797000
2.798250
2.798625
2.800875
2.802500
2.804375
2.807125
2.808000
2.811375
2.812750
2.815000
2.816375
2.817375
2.819000
2.822000
2.822750
2.825250
2.826375
2.829125
2.831250
2.830875
2.830875
2.833875
2.834625
2.836500
2.838000
2.840125
2.840750
2.843375
2.843875
2.846375
2.847375
2.848500
2.850125
2.852000
2.853250
2.852750
2.855250
2.857625
2.858250
2.859250
2.861250
2.864125
2.864625
2.864625
2.864625
2.866500
2.868000
2.869750
2.870375
2.871750
2.872500
2.874625
2.875625
2.878625
2.879875
2.881375
2.882625
2.883875
2.886625
2.888000
2.887625
2.889625
2.891375
2.891875
2.892875
2.892750
2.895125
2.895125
2.896500
2.897000
2.899000
2.899500
2.901000
2.903250
2.903625
2.904375
2.904875
2.906875
2.908750
2.910000
2.911875
2.913000
2.914250
2.915625
2.917750
2.918625
2.920000
2.923125
2.925125
2.926750
2.926750
2.927250
2.927500
2.928500
2.929875
2.931375
2.932500
2.934500
2.934625
2.937625
2.938375
2.937875
2.940125
2.942375
2.945000
2.946000
2.946750
2.950125
2.952125
2.953375
2.953250
2.953875
2.956500
2.958250
2.958375
2.958375
2.958625
2.960875
2.961875
2.962750
2.964250
2.964750
2.966500
2.967125
2.967875
2.968750
2.969375
2.969125
2.971125
2.971625
2.972000
2.974000
2.974000
2.974875
2.975750
2.975000
2.975875
2.976000
2.977500
2.977500
2.976750
2.978500
2.979875
2.980000
2.982000
2.982625
2.983000
2.982750
2.983875
2.984750
2.984750
2.986000
2.986500
2.986875
2.988375
2.988625
2.989625
2.989750
2.989500
2.991750
2.991875
2.992125
2.992875
2.992875
2.993750
2.995375
2.994875
2.996000
2.997375
2.996875
2.996750
2.998125
2.997750
2.998625
3.000375
3.001375
3.001750
3.002000
3.004375
3.005125
3.006500
3.006875
3.007125
3.007500
3.008750
3.009125
3.009125
3.009125
3.010125
3.011750
3.013625
3.015125
3.014375
3.014500
3.016500
3.017000
3.017375
3.017750
3.018500
3.019500
3.019375
3.020875
3.021250
3.021500
3.022500
3.023250
3.023125
3.024625
3.024125
3.024125
3.025375
3.025750
3.026875
3.027250
3.027375
3.027625
3.027250
3.029750
3.029750
3.031125
3.031250
3.030750
3.031125
3.030875
3.031250
3.034375
3.033375
3.033625
3.035250
3.037000
3.039000
3.040000
3.041125
3.041125
3.041500
3.043875
3.045375
3.045625
3.045625
3.047500
3.048250
3.049875
3.050125
3.050625
3.051375
3.053375
3.054500
3.055125
3.056125
3.057125
3.057750
3.058750
3.060375
3.060750
3.062250
3.063250
3.064000
3.064000
3.065000
3.066750
3.068000
3.068625
3.070125
3.070000
3.071750
3.073000
3.074625
3.075625
3.076500
3.079000
3.080125
3.081625
3.079875
3.082875
3.085500
3.087250
3.089125
3.090375
3.091375
3.093125
3.094750
3.095125
3.096000
3.097500
3.099500
3.100875
3.102000
3.103375
3.105625
3.105625
3.107875
3.111125
3.111500
3.113000
3.114125
3.116750
3.119000
3.119250
3.120625
3.121500
3.123625
3.125000
3.126875
3.128000
3.130375
3.131500
3.132875
3.136625
3.137625
3.139875
3.141625
3.143375
3.145125
3.146250
3.149125
3.152000
3.153500
3.154625
3.156250
3.158750
3.160625
3.161125
3.161875
3.163375
3.165625
3.166750
3.169500
3.169500
3.170750
3.174000
3.174750
3.176500
3.179250
3.180375
3.181750
3.181750
3.183125
3.184500
3.185125
3.191625
3.192375
3.194750
3.195375
3.196750
3.197375
3.198875
3.199875
3.201625
3.202375
3.202875
3.204750
3.205625
3.207500
3.208250
3.209750
3.211875
3.213250
3.213500
3.215875
3.216875
3.218125
3.219375
3.220250
3.221125
3.221125
3.222125
3.224000
3.225125
3.226875
3.229125
3.231625
3.234625
3.235875
3.237875
3.239500
3.242375
3.244750
3.246625
3.249625
3.251875
3.254375
3.256125
3.258625
3.261250
3.262375
3.264750
3.265500
3.266625
3.267125
3.267750
3.268375
3.268375
3.268875
3.268625
3.269125
3.269500
3.270500
3.270125
3.270875
3.271500
3.271500
3.272125
3.272750
3.272875
3.274125
3.274375
3.274750
3.274625
3.274375
3.275250
3.275250
3.275500
3.276625
3.276625
3.276625
3.276750
3.276750
3.277375
3.277375
3.277500
3.278125
3.278375
3.278125
3.278250
3.278875
3.279000
3.279125
3.279500
3.279250
3.279500
3.279500
3.279750
3.280000
3.280125
3.280000
3.280500
3.280375
3.280000
3.279125
3.280375
3.280625
3.280500
3.280625
3.281000
3.280750
3.280875
3.281000
3.281000
3.281000
3.281000
3.281375
3.281250
3.281500
3.281125
3.281125
3.281875
3.281625
3.281250
3.281375
3.281125
3.281500
3.281500
3.281375
3.281500
3.281375
3.281625
3.281375
3.281625
3.281500
3.281750
3.281500
3.281625
3.281375
3.281125
3.281125
3.281375
3.281500
3.281375
3.281625
3.281750
3.281875
3.281500
3.281625
3.281750
3.281625
3.281625
3.281500
3.281750
3.281875
3.281375
3.281750
3.281875
3.281625
3.281625
3.280500
3.281000
3.281375
3.282000
3.281375
3.281375
3.281500
3.281500
3.281625
3.281875
3.281875
3.281500
3.281625
3.281625
3.281500
3.281375
3.281750
3.281250
3.281500
3.281500
3.281625
3.281625
3.281625
3.281500
3.281375
3.281375
3.281500
3.281375
3.281750
3.281500
3.281250
3.281625
3.281500
3.281750
3.281375
3.281500
3.281500
3.281750
3.281250
3.281500
3.281625
3.281500
3.281375
3.281750
3.281750
3.281375
3.281500
3.281250
3.281500
3.281500
3.281375
3.281625
3.281625
3.281625
3.281250
3.281375
3.280500
3.281500
3.281875
3.281625
3.281625
3.281750
3.281250
3.281500
3.281625
3.281625
3.281750
3.281375
3.281500
3.281500
3.281625
3.281875
3.281625
3.281375
3.281750
3.281250
3.281625
3.281375
3.281500
3.281375
3.281625
3.281375
3.281875
3.281500
3.281625
3.281625
3.281875
3.281500
3.281625
3.281500
3.281500
3.281750
3.281500
3.281625
3.281625
3.281500
3.281625
3.281500
3.281750
3.281625
3.281500
3.281750
3.281750
3.281375
3.281375
3.281500
3.281500
3.281625
3.281125
3.281625
3.281125
3.281500
3.280500
3.280500
3.281375
3.281750
3.281625
3.281625
3.281625
3.281625
3.281750
3.282250
3.281625
3.281750
3.281750
3.281500
3.281750
3.281750
3.281750
3.281750
3.281250
3.281375
3.281625
3.281625
3.281500
3.281500
3.281500
3.281625
3.281375
3.281500
3.281250
3.281500
3.280875
3.280875
3.281375
3.281375
3.281000
3.281875
3.281625
3.281625
3.281625
3.281250
3.281375
3.281625
3.281500
3.281625
3.281625
3.281500
3.281750
3.281125
3.281625
3.281375
3.282125
3.281750
3.281250
3.281375
3.280875
3.281625
3.281000
3.280000
3.280000
3.280875
3.281750
3.281500
3.281375
3.281375
3.281625
3.281625
3.281875
3.281500
3.281000
3.281875
3.281625
3.281500
3.281750
3.281750
3.281250
3.281250
3.281625
3.281625
3.281750
3.281625
3.282125
3.281750
3.281750
3.281500
3.281625
3.281500
3.282000
3.281500
3.281375
3.281250
3.281125
3.281625
3.281375
3.281250
3.281625
3.281500
3.282000
3.281750
3.281500
3.281875
3.281625
3.281625
3.281500
3.281625
3.281500
3.281625
3.281625
3.281625
3.281375
3.281125
3.281500
3.281625
3.281500
3.281625
3.280375
3.281000
3.281625
3.281750
3.281750
3.281625
3.281250
3.281625
3.281750
3.282000
3.282375
3.281625
3.282000
3.281625
3.281750
3.282000
3.281750
3.281750
3.281375
3.281625
3.281625
3.281500
3.281375
3.281625
3.281500
3.281500
3.281500
3.281250
3.281500
3.281375
3.281750
3.281500
3.281500
3.281625
3.281625
3.281750
3.281375
3.281875
3.282000
3.281750
3.281125
3.281250
3.281500
3.281500
3.281375
3.281250
3.281500
3.281250
3.281500
3.281500
3.281500
3.281750
3.281125
3.281625
3.281875
3.281375
3.282000
3.280625
3.280875
3.281875
3.281625
3.281750
3.281500
3.281500
3.281625
3.281375
3.281375
3.281125
3.281125
3.282000
3.281250
3.281750
3.281500
3.281125
3.281625
3.281375
3.281125
3.281625
3.281250
3.281375
3.281375
3.281625
3.281500
3.281625
3.281500
3.281500
3.281750
3.281625
3.281500
3.281625
3.281750
3.281625
3.282000
3.281625
3.281625
3.281375
3.281625
3.281500
3.281250
3.281750
3.281375
3.281500
3.281250
3.281250
3.281375
3.281625
3.281000
3.281250
3.281500
3.281625
3.281625
3.281500
3.281500
3.280625
3.280250
3.281250
3.281875
3.281500
3.281375
3.281375
3.281625
3.281125
3.280875
3.281500
3.281500
3.281500
3.281625
3.281500
3.281750
3.281375
3.281125
3.280875
3.281625
3.281750
3.281750
3.281375
3.281250
3.281750
3.281750
3.281250
3.281250
3.281250
3.281500
3.281500
3.281625
3.281750
3.282125
3.281500
3.281625
3.281625
3.281500
3.281750
3.281625
3.281625
3.281500
3.281625
3.281375
3.281750
3.281500
3.281125
3.281500
3.281375
3.281500
3.281750
3.281500
3.281625
3.281500
3.281750
3.281750
3.281625
3.281500
3.280750
3.280625
3.281625
3.281625
3.281375
3.281375
3.282000
3.281750
3.281375
3.281625
3.281375
3.281500
3.281875
3.281875
3.281375
3.281750
3.281375
3.281375
3.281625
3.281375
3.281500
3.282375
3.282375
3.281125
3.281500
3.281625
3.281875
3.281750
3.281375
3.281750
3.281125
3.281625
3.281750
3.281500
3.281125
3.281750
3.281125
3.281375
3.282125
3.281500
3.281125
3.281750
3.281500
3.281750
3.281750
3.281000
3.280625
3.280625
3.281375
3.281125
3.281625
3.281125
3.280875
3.281000
3.282375
3.281375
3.281250
3.279875
3.281375
3.281500
3.281625
3.281000
3.281875
3.282250
3.281375
3.281000
3.281125
3.282000
3.281500
3.281750
3.280875
3.281625
3.281625
3.281500
3.282375
3.280625
3.281125
3.281375
3.281625
3.282250
3.281875
3.281500
3.281000
3.281625
3.281750
3.281750
3.281375
3.281625
3.281750
3.281875
3.281500
3.281750
3.281250
3.281500
3.281750
3.281250
3.281500
3.281500
3.282125
3.281250
3.281625
3.281250
3.280750
3.281375
3.281625
3.281250
3.281625
3.281500
3.281750
3.281750
3.281750
3.281250
3.280750
3.280750
3.279875
3.281375
3.282000
3.281125
3.281500
3.282250
3.281750
3.281250
3.282000
3.282000
3.281375
3.281875
3.281500
3.281250
3.281625
3.281750
3.281375
3.281875
3.282000
3.281750
3.281750
3.281250
3.281125
3.281750
3.282000
3.281375
3.280875
3.281625
3.281875
3.281625
3.281500
3.281000
3.281625
3.281125
3.281125
3.281625
3.282000
3.281750
3.281875
3.281375
3.281750
3.281500
3.281875
3.281250
3.281000
3.281625
3.281375
3.281375
3.281250
3.282125
3.281375
3.281625
3.281750
3.281625
3.281250
3.280750
3.280250
3.280000
3.280000
3.281625
3.281000
3.281875
3.281125
3.281875
3.282000
3.282000
3.281125
3.282250
3.282000
3.282000
3.281500
3.281000
3.281375
3.282000
3.281500
3.281750
3.281625
3.281750
3.281750
3.281750
3.281875
3.281875
3.281875
3.281500
3.281875
3.281625
3.281625
3.282000
3.281500
3.281875
3.281500
3.281125
3.281125
3.281500
3.281250
3.281875
3.281625
3.281500
3.282125
3.282000
3.281500
3.281625
3.281750
3.281750
3.281625
3.281625
3.281875
3.281375
3.281750
3.281375
3.281250
3.281250
3.281125
3.280625
3.280625
3.282250
3.281000
3.281625
3.281000
3.281875
3.281625
3.281875
3.281875
3.281625
3.282125
3.281625
3.281750
3.281750
3.281750
3.281875
3.281125
3.281875
3.281875
3.281500
3.281875
3.282375
3.282375
3.281250
3.281500
3.281500
3.281750
3.281250
3.281750
3.281625
3.282250
3.282125
3.281625
3.281000
3.281500
3.282250
3.281625
3.281625
3.281625
3.280750
3.282000
3.281750
3.280750
3.281250
3.281875
3.281875
3.281750
3.281375
3.281500
3.281750
3.281750
3.281875
3.281625
3.282000
3.281250
3.281750
3.280500
3.281000
3.281250
3.281875
3.281875
3.281625
3.281250
3.281375
3.281750
3.281500
3.282000
3.281500
3.281625
3.281125
3.281750
3.281375
3.281750
3.281375
3.281375
3.281750
3.281875
3.281750
3.281375
3.281375
3.281875
3.281750
3.281625
3.281000
3.281375
3.281750
3.281625
3.281250
3.281500
3.281625
3.281000
3.281875
3.281750
3.281375
3.281375
3.281750
3.281875
3.281625
3.281625
3.281375
3.281125
3.281375
3.281500
3.281625
3.281500
3.281500
3.281750
3.281625
3.281625
3.281500
3.281250
3.282000
3.281500
3.280375
3.281625
3.281625
3.281875
3.281625
3.281250
3.281125
3.281375
3.281375
3.282250
3.281500
3.281500
3.281500
3.281125
3.281500
3.281250
3.281625
3.281500
3.281500
3.281500
3.281375
3.281250
3.281500
3.281750
3.281375
3.281125
3.281625
3.281625
3.281750
3.281625
3.281250
3.281250
3.281125
3.281250
3.281125
3.281125
3.281875
3.281375
3.281625
3.281500
3.281125
3.281500
3.281500
3.281500
3.281500
3.280750
3.281000
3.281750
3.282000
3.281375
3.281250
3.281375
3.281375
3.281625
3.281375
3.281000
3.280750
3.280500
3.281250
3.281250
3.281375
3.281625
3.281250
3.282000
3.281500
3.281625
3.281375
3.281125
3.281000
3.281500
3.281250
3.281375
3.281000
3.281625
3.281625
3.281250
3.281375
3.281375
3.281625
3.281125
3.282000
3.281625
3.281875
3.281500
3.281375
3.281625
3.281500
3.281625
3.281500
3.281500
3.281625
3.281500
3.281250
3.281125
3.281625
3.281500
3.280750
3.281500
3.281500
3.281625
3.281000
3.281125
3.281750
3.281375
3.281625
3.281250
3.281500
3.281250
3.281625
3.281125
3.281875
3.281125
3.281125
3.280875
3.280000
3.280875
3.281875
3.281750
3.281750
3.281500
3.281250
3.280750
3.281500
3.281750
3.281625
3.281500
3.281250
3.282000
3.281125
3.281625
3.281750
3.281500
3.281625
3.281750
3.281125
3.281250
3.281250
3.281250
3.281125
3.281250
3.281375
3.281375
3.281625
3.281625
3.281500
3.281500
3.281375
3.281250
3.281250
3.281375
3.281250
3.281250
3.281750
3.281500
3.281250
3.281125
3.281500
3.281250
3.281750
3.281500
3.281500
3.281875
3.281375
3.281625
3.281250
3.281500
3.281500
3.281250
3.281125
3.281875
3.280375
3.280500
3.281375
3.280625
3.281375
3.281500
3.281500
3.281000
3.281375
3.281625
3.281250
3.281375
3.281375
3.281500
3.281500
3.281375
3.281500
3.281625
3.281250
3.281500
3.281125
3.281625
3.281125
3.281250
3.281250
3.281250
3.281375
3.280875
3.281375
3.281750
3.281500
3.281375
3.281625
3.281375
3.282125
3.281375
3.281375
3.281750
3.281750
3.281500
3.281500
3.281500
3.281625
3.281250
3.281625
3.281750
3.281625
3.281250
3.281500
3.281500
3.281125
3.281125
3.281500
3.281750
3.281250
3.281500
3.281500
3.280000
3.280375
3.281250
3.282000
3.281625
3.281875
3.281875
3.281000
3.281875
3.281000
3.281375
3.281000
3.281750
3.281625
3.281625
3.281750
3.281625
3.281875
3.281375
3.281750
3.281250
3.281250
3.281625
3.281500
3.281500
3.281375
3.281375
3.281375
3.280875
3.280875
3.281125
3.281500
3.281625
3.281875
3.281250
3.281500
3.281625
3.281375
3.281000
3.281125
3.281500
3.281625
3.281750
3.281500
3.281625
3.281750
3.281875
3.281250
3.281000
3.281625
3.281375
3.281250
3.281250
3.280875
3.281750
3.281125
3.281375
3.280750
3.280000
3.280875
3.281375
3.281250
3.281250
3.281000
3.281625
3.281500
3.281500
3.281375
3.281500
3.281500
3.281250
3.281625
3.281750
3.281625
3.281250
3.281375
3.281375
3.281125
3.281000
3.281500
3.280875
3.281000
3.281500
3.281375
3.281625
3.281250
3.281375
3.281250
3.281250
3.281500
3.281500
3.281625
3.281500
3.281500
3.281625
3.281250
3.281250
3.281500
3.281250
3.281250
3.281500
3.281000
3.280750
3.281375
3.281500
3.281500
3.281125
3.281250
3.281375
3.281000
3.281375
3.281125
3.281375
3.281250
3.280125
3.280625
3.281125
3.281500
3.281500
3.281250
3.281375
3.281250
3.281250
3.281250
3.281250
3.281250
3.281375
3.281125
3.281375
3.281500
3.281250
3.281375
3.281750
3.280875
3.280875
3.281250
3.281625
3.281500
3.281500
3.281625
3.281000
3.280875
3.280875
3.281125
3.281125
3.281250
3.281250
3.281250
3.281000
3.281375
3.281375
3.281250
3.281375
3.281375
3.281625
3.281375
3.281500
3.281500
3.281375
3.281125
3.281625
3.281375
3.280875
3.281625
3.281375
3.281500
3.281250
3.281250
3.281375
3.281250
3.281250
3.280750
3.280250
3.281125
3.281375
3.281500
3.281750
3.281500
3.281500
3.281125
3.281500
3.281625
3.281625
3.281875
3.281500
3.281750
3.281625
3.281625
3.281125
3.281500
3.281250
3.281625
3.281625
3.281625
3.281625
3.281125
3.281500
3.281500
3.281375
3.281500
3.281500
3.281250
3.281250
3.281250
3.281000
3.281000
3.281000
3.280250
3.280125
3.280500
3.279875
3.279750
3.279875
3.279750
3.279000
3.279000
3.278375
3.278500
3.278500
3.278000
3.277500
3.276625
3.275875
3.275750
3.275000
3.274250
3.273750
3.273250
3.271750
3.271125
3.271750
3.271375
3.271250
3.270625
3.270250
3.269750
3.269750
3.269125
3.269125
3.269250
3.268500
3.269250
3.269000
3.269000
3.267875
3.267875
3.266750
3.267375
3.266625
3.266875
3.265750
3.264625
3.264625
3.263500
3.262750
3.261875
3.261000
3.260500
3.259625
3.258375
3.256750
3.255125
3.253625
3.251625
3.249000
3.246375
3.246375
3.244750
3.243375
3.242750
3.240125
3.238375
3.236000
3.233875
3.232250
3.230625
3.228625
3.227875
3.225875
3.223750
3.222375
3.221125
3.219000
3.219000
3.216875
3.214750
3.214000
3.214250
3.213375
3.211125
3.211125
3.210375
3.208625
3.207875
3.206250
3.204125
3.202500
3.201875
3.200625
3.199625
3.197875
3.196250
3.194000
3.193000
3.191500
3.190125
3.188625
3.186750
3.184625
3.184125
3.181750
3.181500
3.180250
3.180250
3.178250
3.176000
3.174250
3.171875
3.170000
3.168250
3.166125
3.165250
3.162500
3.161250
3.160250
3.158875
3.156625
3.155000
3.154375
3.152250
3.149875
3.148250
3.145625
3.145250
3.143000
3.139875
3.137625
3.137625
3.137000
3.135125
3.133625
3.131250
3.128250
3.126750
3.127750
3.125000
3.122625
3.122250
3.120000
3.118500
3.117375
3.115500
3.112375
3.110875
3.109875
3.107625
3.105125
3.104125
3.102000
3.098750
3.098750
3.098750
3.096625
3.095125
3.095000
3.093125
3.090625
3.090125
3.087375
3.084750
3.083750
3.081375
3.080375
3.079375
3.078500
3.075750
3.075375
3.073625
3.073000
3.071750
3.071750
3.071000
3.069750
3.069750
3.069250
3.068250
3.066375
3.064625
3.063500
3.062000
3.060125
3.057875
3.055875
3.055875
3.054000
3.053250
3.053250
3.052500
3.051875
3.050125
3.048625
3.048125
3.046125
3.045875
3.044000
3.044125
3.044125
3.042375
3.042125
3.040625
3.039750
3.036875
3.039000
3.038125
3.037000
3.035750
3.035125
3.034750
3.032875
3.033000
3.031875
3.030625
3.028750
3.028375
3.028750
3.028250
3.026375
3.024875
3.025250
3.023625
3.021000
3.021000
3.019625
3.019500
3.019000
3.017250
3.014375
3.013625
3.012750
3.012000
3.010500
3.008375
3.005375
3.005250
3.004750
3.003125
3.002000
3.000375
2.998375
2.997625
2.996500
2.995000
2.991625
2.993250
2.993250
2.992750
2.991375
2.989000
2.989500
2.989375
2.988375
2.985000
2.985500
2.985750
2.984500
2.982875
2.983750
2.981750
2.981875
2.981500
2.981625
2.980125
2.980750
2.980125
2.980250
2.979750
2.978750
2.978750
2.977875
2.979000
2.979125
2.978625
2.978250
2.978000
2.977875
2.978750
2.977375
2.976875
2.977750
2.977625
2.978125
2.977500
2.976000
2.975875
2.976500
2.976250
2.976000
2.975250
2.974625
2.974625
2.973375
2.972875
2.972875
2.972750
2.969750
2.971875
2.970250
2.969500
2.968000
2.968125
2.967500
2.967375
2.966750
2.964000
2.965000
2.965500
2.962750
2.962000
2.960125
2.958500
2.957625
2.955750
2.953500
2.952750
2.952625
2.950625
2.950125
2.948375
2.948375
2.948500
2.945500
2.944375
2.944375
2.941875
2.942125
2.941250
2.939750
2.939375
2.939000
2.938625
2.936250
2.934750
2.933375
2.932000
2.930750
2.929125
2.926875
2.925000
2.924750
2.923125
2.923000
2.921500
2.920000
2.920750
2.919000
2.919000
2.917625
2.917625
2.915750
2.914750
2.913250
2.913375
2.911875
2.910375
2.910250
2.909500
2.908000
2.907250
2.906750
2.905125
2.904125
2.903125
2.902500
2.901500
2.899750
2.898500
2.897375
2.896500
2.895000
2.893875
2.893125
2.893125
2.890875
2.891375
2.889250
2.889750
2.888125
2.886625
2.886250
2.884500
2.885625
2.883500
2.882625
2.882125
2.880250
2.879375
2.880000
2.879250
2.878500
2.877125
2.877000
2.876250
2.875875
2.874750
2.874750
2.873375
2.874375
2.872375
2.872125
2.871250
2.870500
2.871250
2.870125
2.870250
2.869375
2.868875
2.868625
2.868625
2.866750
2.866875
2.866250
2.866250
2.864625
2.862750
2.861500
2.861250
2.861250
2.860125
2.859875
2.858875
2.859625
2.858750
2.858750
2.857375
2.856875
2.855000
2.854250
2.853375
2.853000
2.851000
2.852125
2.851875
2.849625
2.848000
2.846250
2.846500
2.847625
2.844875
2.843250
2.841500
2.840875
2.840125
2.840250
2.838625
2.838625
2.838250
2.835625
2.833750
2.834125
2.833250
2.829500
2.829750
2.825875
2.823375
2.821625
2.819500
2.816625
2.816875
2.815750
2.814000
2.813250
2.812750
2.812250
2.811500
2.808250
2.807250
2.807250
2.806125
2.806125
2.805125
2.802125
2.800625
2.800125
2.800875
2.798625
2.796875
2.796750
2.784625
2.782000
2.780625
2.779250
2.778500
2.776125
2.773625
2.771375
2.770500
2.769125
2.766500
2.764000
2.763625
2.761750
2.761125
2.756750
2.753875
2.751375
2.749375
2.747125
2.743750
2.742500
2.740125
2.740125
2.739375
2.736375
2.733500
2.732125
2.729375
2.726000
2.723875
2.723000
2.721500
2.717750
2.715000
2.711000
2.706750
2.703625
2.700500
2.698875
2.695500
2.691500
2.689000
2.685625
2.683750
2.679375
2.678000
2.674250
2.674250
2.670500
2.668000
2.664500
2.662125
2.660500
2.658000
2.654250
2.651875
2.649125
2.646750
2.644750
2.641875
2.638125
2.635125
2.632500
2.630625
2.627125
2.624625
2.620500
2.619750
2.617250
2.615875
2.610750
2.610750
2.608000
2.607375
2.605375
2.601375
2.597875
2.596500
2.593375
2.590750
2.588625
2.584500
2.581375
2.579250
2.575125
2.572750
2.569875
2.568500
2.566875
2.564625
2.562500
2.560375
2.558000
2.555250
2.551875
2.549125
2.547125
2.543250
2.540125
2.540125
2.538250
2.534125
2.533250
2.531375
2.528000
2.525000
2.523000
2.520500
2.518625
2.515625
2.514000
2.512000
2.509500
2.506375
2.501875
2.498625
2.497375
2.494375
2.490250
2.489125
2.486625
2.486500
2.481000
2.479750
2.479750
2.476750
2.475375
2.472500
2.471250
2.467375
2.466000
2.464625
2.463500
2.461875
2.459625
2.457750
2.458250
2.456125
2.453750
2.452000
2.451000
2.449125
2.448500
2.447875
2.446500
2.446125
2.444250
2.443500
2.441750
2.441750
2.440500
2.438625
2.439875
2.438375
2.437125
2.434750
2.433750
2.433750
2.432000
2.433250
2.431125
2.430000
2.429500
2.427875
2.427625
2.425750
2.424375
2.425125
2.423625
2.423125
2.421500
2.422375
2.422125
2.422125
2.421375
2.420000
2.420000
2.418625
2.418500
2.416750
2.416250
2.414500
2.414125
2.412375
2.413125
2.411375
2.409750
2.410875
2.410750
2.408875
2.408000
2.407875
2.406000
2.405125
2.404375
2.403125
2.402000
2.402375
2.402375
2.401625
2.400500
2.400250
2.399875
2.399500
2.397625
2.397625
2.395375
2.393875
2.393500
2.392000
2.392125
2.390250
2.389250
2.388750
2.388125
2.388250
2.387000
2.387750
2.386625
2.386500
2.384500
2.384250
2.383875
2.383875
2.383375
2.382375
2.380500
2.379375
2.377875
2.379875
2.379625
2.378250
2.377000
2.376000
2.375250
2.373625
2.372375
2.372250
2.371750
2.370750
2.369125
2.368750
2.368000
2.367500
2.367125
2.364375
2.365500
2.364125
2.364750
2.362500
2.362500
2.360250
2.360125
2.359375
2.358250
2.357750
2.356250
2.354250
2.355750
2.355625
2.354625
2.352375
2.350000
2.350875
2.347750
2.347625
2.346000
2.345875
2.345250
2.343875
2.341125
2.340625
2.341625
2.341250
2.341250
2.341375
2.339625
2.338375
2.337500
2.337000
2.335625
2.332250
2.332625
2.331625
2.331750
2.330000
2.328875
2.328625
2.328000
2.327000
2.325625
2.324125
2.323375
2.320375
2.319000
2.318000
2.315750
2.315000
2.315375
2.313125
2.310875
2.311000
2.311000
2.310250
2.308500
2.306250
2.306250
2.306000
2.305125
2.304375
2.302125
2.302000
2.299875
2.300875
2.301250
2.298625
2.298875
2.297625
2.297750
2.294875
2.295625
2.294125
2.293750
2.294500
2.292500
2.291625
2.291625
2.290500
2.290750
2.290875
2.288750
2.289000
2.288375
2.287000
2.287000
2.284250
2.283500
2.283625
2.282125
2.281250
2.280500
2.279250
2.279250
2.279625
2.278375
2.276125
2.275250
2.274375
2.274625
2.274125
2.271750
2.271500
2.271750
2.270125
2.269750
2.268125
2.268125
2.267750
2.267500
2.266625
2.265750
2.264250
2.263500
2.263750
2.262625
2.261125
2.259875
2.259875
2.259375
2.257375
2.257000
2.256625
2.257500
2.257500
2.255750
2.253375
2.254000
2.251875
2.251750
2.250500
2.248375
2.248250
2.246500
2.246125
2.243375
2.242875
2.242875
2.241875
2.241750
2.240375
2.238750
2.238500
2.237375
2.236375
2.234375
2.234375
2.232375
2.231750
2.231625
2.231625
2.229750
2.229875
2.229250
2.228375
2.227250
2.227125
2.224500
2.224375
2.222250
2.221750
2.219250
2.218375
2.217625
2.218125
2.216750
2.216125
2.214875
2.213750
2.212625
2.212375
2.209625
2.209750
2.208125
2.208250
2.206625
2.206625
2.205500
2.203750
2.203625
2.203875
2.202750
2.201875
2.200750
2.200250
2.199750
2.198375
2.195750
2.194000
2.194500
2.194125
2.193000
2.191000
2.193250
2.192125
2.192500
2.191750
2.191250
2.188875
2.188375
2.188250
2.188125
2.188125
2.186750
2.185250
2.185250
2.183750
2.183125
2.181750
2.183500
2.182500
2.181375
2.180250
2.179125
2.177625
2.177500
2.176000
2.175875
2.174750
2.172750
2.172625
2.171875
2.171000
2.170625
2.169750
2.169750
2.166625
2.166125
2.166125
2.164625
2.165750
2.162750
2.163500
2.161000
2.161375
2.160500
2.159625
2.159375
2.158875
2.158250
2.157250
2.155750
2.154250
2.154125
2.153625
2.152375
2.151000
2.150250
2.148875
2.148500
2.148625
2.148250
2.146875
2.145875
2.145875
2.144500
2.143250
2.143000
2.139625
2.138625
2.137250
2.138750
2.136375
2.135750
2.135500
2.135625
2.134000
2.132750
2.131125
2.130750
2.131875
2.130125
2.128375
2.127750
2.127625
2.126625
2.125500
2.127000
2.125500
2.125500
2.125500
2.123375
2.122375
2.121750
2.120875
2.119625
2.119625
2.120000
2.118875
2.117625
2.116625
2.115875
2.114500
2.114500
2.113750
2.113250
2.114500
2.112125
2.110750
2.111750
2.111125
2.109250
2.107875
2.107625
2.105125
2.103875
2.103375
2.103500
2.103000
2.103000
2.102125
2.100625
2.099625
2.099625
2.099000
2.099250
2.098375
2.097000
2.096000
2.096000
2.095750
2.094625
2.093750
2.092625
2.093125
2.092750
2.090750
2.089500
2.089250
2.088375
2.087375
2.086250
2.083875
2.082000
2.081875
2.081375
2.079125
2.077000
2.077000
2.076250
2.075250
2.074375
2.071375
2.070750
2.069375
2.069375
2.067500
2.065625
2.064500
2.063125
2.064375
2.061875
2.060875
2.058625
2.058125
2.055625
2.053125
2.052625
2.049625
2.048500
2.047375
2.045250
2.043250
2.043250
2.043375
2.043125
2.042625
2.040750
2.039000
2.039375
2.039125
2.037500
2.034750
2.034000
2.033750
2.032125
2.028750
2.028125
2.029125
2.027625
2.028625
2.027250
2.026000
2.022375
2.022375
2.020250
2.018500
2.018500
2.017125
2.015500
2.014750
2.014375
2.012500
2.012250
2.012625
2.012000
2.010250
2.009500
2.008375
2.006625
2.006625
2.003125
2.003625
2.002250
2.002125
2.000500
1.999625
1.997875
1.998000
1.996500
1.994625
1.993000
1.991000
1.991250
1.988250
1.988125
1.984750
1.982250
1.981125
1.981125
1.979625
1.977625
1.977500
1.976625
1.974375
1.971750
1.969500
1.967250
1.965500
1.964500
1.963125
1.960250
1.957000
1.957000
1.955750
1.954375
1.952250
1.950000
1.949125
1.946375
1.946125
1.946125
1.943625
1.940750
1.941125
1.937625
1.934875
1.932500
1.931875
1.930375
1.929000
1.928000
1.926375
1.924250
1.923250
1.920250
1.919000
1.916750
1.916875
1.915000
1.912625
1.911000
1.910125
1.907750
1.905375
1.902500
1.898750
1.894500
1.893875
1.890875
1.888625
1.886000
1.883750
1.880875
1.878000
1.875000
1.872500
1.869250
1.868375
1.865750
1.864250
1.861125
1.857000
1.856125
1.854750
1.851625
1.852750
1.853375
1.853375
1.852000
1.850875
1.850875
1.850250
1.849750
1.850250
1.850250
1.846500
1.846375
1.845625
1.846250
1.845125
1.844000
1.842625
1.841500
1.841750
1.841875
1.840375
1.840000
1.840000
1.838625
1.837625
1.836375
1.836875
1.835750
1.835125
1.833250
1.830875
1.830125
1.829250
1.827250
1.827875
1.826750
1.826125
1.825625
1.823000
1.820500
1.819000
1.819500
1.819125
1.816250
1.815625
1.812875
1.812250
1.811125
1.810375
1.809875
1.807375
1.806250
1.808375
1.807125
1.802875
1.802875
1.802875
1.802250
1.800625
1.798625
1.798000
1.796250
1.796500
1.794375
1.794000
1.792500
1.791500
1.790625
1.788500
1.789375
1.788125
1.786250
1.786250
1.784125
1.783750
1.783125
1.781375
1.779500
1.779625
1.777875
1.777000
1.775875
1.775000
1.773625
1.772625
1.772625
1.771250
1.771750
1.771750
1.771125
1.769125
1.768500
1.768750
1.768000
1.768500
1.765625
1.766250
1.765000
1.765375
1.765125
1.765750
1.764875
1.764875
1.764250
1.764250
1.762625
1.762000
1.762000
1.761375
1.761000
1.760875
1.759875
1.758875
1.760250
1.759125
1.757500
1.756750
1.756875
1.756375
1.754250
1.751750
1.749875
1.749375
1.749000
1.747250
1.746500
1.745000
1.745750
1.744500
1.744125
1.744125
1.744125
1.741625
1.740125
1.738875
1.735875
1.735875
1.733750
1.733125
1.731750
1.729125
1.728750
1.726875
1.726875
1.725375
1.724250
1.721625
1.720875
1.720125
1.717375
1.715250
1.713125
1.710750
1.709500
1.709500
1.708125
1.706500
1.704750
1.705125
1.703250
1.701750
1.700750
1.698875
1.697500
1.695625
1.694750
1.693500
1.692625
1.691250
1.689625
1.686500
1.685375
1.685125
1.684625
1.683250
1.681125
1.679000
1.678500
1.678750
1.678750
1.675500
1.674750
1.673125
1.671000
1.669625
1.668375
1.665875
1.664875
1.662375
1.661375
1.660000
1.658000
1.655375
1.654625
1.654125
1.651125
1.650250
1.648250
1.646500
1.645625
1.643750
1.643750
1.641625
1.640625
1.640500
1.637500
1.635625
1.633250
1.632250
1.630625
1.629375
1.626875
1.625500
1.625875
1.625500
1.625000
1.622875
1.622750
1.621125
1.620625
1.619625
1.616000
1.617500
1.614000
1.614250
1.611500
1.609625
1.609625
1.609125
1.608875
1.607000
1.605625
1.604750
1.602625
1.600875
1.599125
1.598625
1.594875
1.594125
1.591000
1.591375
1.587500
1.586500
1.584500
1.585500
1.582500
1.580500
1.578375
1.576125
1.576250
1.574250
1.572625
1.570125
1.570125
1.568000
1.566875
1.564000
1.563750
1.560750
1.562500
1.561125
1.558625
1.557625
1.556125
1.556125
1.555875
1.551625
1.550375
1.549750
1.550125
1.547375
1.546625
1.545500
1.544625
1.544250
1.543000
1.538750
1.539000
1.537750
1.537750
1.535375
1.533375
1.530125
1.529375
1.527875
1.526375
1.524375
1.522250
1.522125
1.521250
1.518875
1.517125
1.512750
1.513375
1.512750
1.509625
1.505500
1.503500
1.501500
1.499875
1.500500
1.500500
1.499125
1.496250
1.494750
1.493750
1.489875
1.487125
1.484375
1.483375
1.481250
1.480500
1.478500
1.476625
1.475625
1.475875
1.474500
1.471625
1.470625
1.470125
1.467375
1.466000
1.463125
1.459500
1.458750
1.458750
1.457625
1.455250
1.453375
1.452125
1.452125
1.452375
1.449250
1.447125
1.446875
1.445625
1.445125
1.442750
1.442750
1.441500
1.441000
1.438750
1.436250
1.435625
1.434750
1.435500
1.433875
1.431625
1.431500
1.432125
1.430375
1.429625
1.427000
1.427875
1.424750
1.424750
1.424125
1.424000
1.422875
1.424375
1.422000
1.421875
1.420250
1.419250
1.418625
1.417500
1.414500
1.414375
1.412750
1.410875
1.411000
1.409625
1.408625
1.407000
1.405625
1.404625
1.403750
1.402000
1.400125
1.399250
1.399250
1.398750
1.397250
1.397625
1.395375
1.394500
1.396750
1.392625
1.393250
1.392500
1.390625
1.389625
1.389250
1.387875
1.386625
1.386625
1.385500
1.385000
1.381375
1.382250
1.382875
1.383375
1.382125
1.381250
1.379750
1.379750
1.379750
1.379375
1.377750
1.375875
1.375125
1.374125
1.373625
1.371875
1.372250
1.370875
1.371625
1.371625
1.370000
1.369500
1.369000
1.369625
1.366250
1.366125
1.365000
1.365000
1.363000
1.363625
1.360375
1.360875
1.361875
1.359250
1.359250
1.358625
1.358250
1.357250
1.356375
1.354125
1.353875
1.353500
1.352500
1.352500
1.351500
1.349750
1.348375
1.347500
1.349375
1.347375
1.347125
1.345875
1.346250
1.344750
1.344750
1.342375
1.341000
1.339750
1.340375
1.339125
1.339125
1.338375
1.337500
1.338000
1.336250
1.336125
1.334875
1.334125
1.333125
1.332250
1.332875
1.329750
1.330500
1.330125
1.331125
1.331125
1.329500
1.330125
1.329500
1.328750
1.328125
1.327000
1.327125
1.325875
1.326375
1.324750
1.324750
1.324500
1.326375
1.324125
1.325625
1.323625
1.323125
1.323125
1.322625
1.322750
1.321500
1.319875
1.320250
1.318750
1.319625
1.318000
1.317625
1.317000
1.317750
1.316250
1.314000
1.312875
1.313750
1.311125
1.310000
1.308250
1.307000
1.304750
1.303125
1.301250
1.301250
1.300125
1.299625
1.298250
1.297500
1.295125
1.294500
1.292250
1.292000
1.291375
1.289750
1.288375
1.287375
1.287750
1.286000
1.285375
1.283125
1.281375
1.280500
1.279625
1.279000
1.277500
1.276625
1.274375
1.272750
1.272000
1.272000
1.269500
1.270500
1.270500
1.269250
1.268625
1.268000
1.267750
1.268000
1.266250
1.264625
1.263375
1.263500
1.263750
1.263375
1.262125
1.261875
1.260750
1.262250
1.261500
1.261000
1.261125
1.260500
1.260125
1.259000
1.258875
1.257625
1.257625
1.259625
1.257250
1.257000
1.257500
1.255375
1.257875
1.256625
1.255000
1.253625
1.253875
1.254000
1.251750
1.250125
1.249875
1.250000
1.249500
1.248250
1.246125
1.245250
1.247750
1.248125
1.246875
1.244750
1.244750
1.245750
1.245625
1.243125
1.243750
1.242750
1.241875
1.241625
1.240875
1.240750
1.238375
1.237500
1.237875
1.235250
1.234625
1.233250
1.230500
1.230875
1.230875
1.230500
1.229625
1.229250
1.228125
1.227500
1.225875
1.226125
1.226125
1.224625
1.224625
1.224500
1.222875
1.222625
1.221250
1.220125
1.220000
1.217625
1.217750
1.218375
1.218875
1.217625
1.217125
1.216000
1.215000
1.214375
1.213875
1.212000
1.212500
1.212375
1.211000
1.209875
1.209250
1.210375
1.210500
1.210500
1.209250
1.209375
1.207750
1.208875
1.208750
1.207625
1.207875
1.206125
1.205625
1.206375
1.205000
1.204875
1.206125
1.204875
1.206125
1.204125
1.204000
1.202625
1.202000
1.200125
1.200125
1.200375
1.199000
1.200625
1.198875
1.198875
1.198125
1.197625
1.197125
1.197125
1.196500
1.196375
1.194500
1.193875
1.193250
1.192500
1.189625
1.189125
1.188500
1.189125
1.187750
1.186250
1.187250
1.187875
1.186000
1.185000
1.184000
1.184375
1.184250
1.183500
1.182250
1.182250
1.180875
1.180250
1.181000
1.178875
1.178625
1.179625
1.178125
1.178125
1.176125
1.175750
1.174250
1.172625
1.173750
1.171875
1.170625
1.170375
1.170000
1.169750
1.168375
1.168000
1.167625
1.166375
1.164500
1.163875
1.162125
1.162125
1.162125
1.162000
1.158875
1.157625
1.156375
1.157625
1.154875
1.154625
1.154750
1.154125
1.153250
1.151875
1.150625
1.150000
1.148250
1.148125
1.147000
1.144625
1.143125
1.142625
1.141750
1.141875
1.141250
1.139000
1.139000
1.137625
1.136750
1.134625
1.132625
1.130000
1.129875
1.128750
1.127125
1.126625
1.127375
1.125125
1.125625
1.123750
1.122375
1.122625
1.121375
1.121125
1.118125
1.117125
1.118125
1.114750
1.114750
1.112500
1.113125
1.110375
1.111500
1.111750
1.110625
1.110625
1.107250
1.107000
1.109000
1.104625
1.104500
1.104125
1.103000
1.102500
1.102250
1.101625
1.101125
1.101500
1.101625
1.099875
1.098875
1.099250
1.098750
1.097625
1.096625
1.095875
1.095125
1.094625
1.093250
1.093250
1.093375
1.091500
1.092375
1.090500
1.090125
1.088000
1.087625
1.087250
1.083500
1.083625
1.082375
1.082125
1.080750
1.080875
1.079000
1.078625
1.077750
1.076625
1.074125
1.072750
1.072750
1.071625
1.069125
1.067125
1.064875
1.064875
1.065000
1.064000
1.062875
1.062000
1.059875
1.059125
1.058500
1.056375
1.053000
1.052625
1.052000
1.051375
1.047250
1.045875
1.044250
1.044250
1.043875
1.041250
1.040125
1.038000
1.037750
1.036000
1.032875
1.030000
1.030000
1.028875
1.027750
1.026250
1.024125
1.023125
1.021000
1.020125
1.019500
1.016750
1.015625
1.013250
1.012125
1.010875
1.009000
1.005250
1.004250
1.002875
1.001125
1.000500
0.998250
0.997500
0.997625
0.994625
0.993625
0.992375
0.990000
0.988125
0.987250
0.987250
0.985875
0.982500
0.983000
0.981625
0.980000
0.979750
0.977750
0.978000
0.978000
0.976250
0.975375
0.973500
0.973000
0.972125
0.970375
0.969500
0.967125
0.968375
0.968125
0.966125
0.966500
0.966000
0.965500
0.963625
0.963125
0.963125
0.962750
0.962375
0.961125
0.961000
0.960250
0.959625
0.958000
0.957750
0.958000
0.956875
0.957000
0.955625
0.954750
0.953250
0.951750
0.953000
0.949500
0.948000
0.945375
0.945000
0.944750
0.944000
0.941625
0.942375
0.940500
0.939500
0.937375
0.936500
0.936500
0.935250
0.934750
0.932125
0.932250
0.929375
0.928250
0.927000
0.926750
0.926375
0.923875
0.922250
0.921125
0.919625
0.918125
0.916000
0.914250
0.914500
0.912750
0.912500
0.910375
0.910750
0.911375
0.911125
0.908125
0.907375
0.905875
0.905875
0.904750
0.903250
0.901625
0.900000
0.900000
0.898625
0.896125
0.896375
0.894375
0.894000
0.894375
0.892750
0.890125
0.888625
0.888000
0.885500
0.884625
0.882375
0.879625
0.879000
0.877000
0.875875
0.873750
0.873125
0.871750
0.869375
0.868750
0.865625
0.864750
0.865500
0.864125
0.864125
0.862250
0.861875
0.861000
0.859250
0.858875
0.855250
0.857500
0.857125
0.855875
0.853625
0.852625
0.851625
0.852125
0.851500
0.849250
0.848875
0.848125
0.847875
0.847375
0.846375
0.845000
0.845375
0.844500
0.845125
0.845125
0.842125
0.843375
0.843250
0.843000
0.840875
0.840625
0.838375
0.838625
0.837375
0.839875
0.838750
0.836625
0.836250
0.837000
0.835500
0.833250
0.828375
0.829875
0.828750
0.828875
0.827875
0.827125
0.824750
0.827500
0.825750
0.825000
0.825000
0.823125
0.822625
0.822750
0.820750
0.819750
0.819000
0.817000
0.816500
0.815125
0.812625
0.815375
0.812500
0.811750
0.810250
0.807250
0.806625
0.806250
0.805250
0.803875
0.802875
0.800875
0.800125
0.799000
0.796750
0.796750
0.797750
0.795625
0.794375
0.793625
0.792500
0.791625
0.790625
0.790500
0.787625
0.787000
0.786500
0.784625
0.782250
0.782250
0.780875
0.779250
0.776375
0.775250
0.773875
0.771750
0.770750
0.768625
0.766875
0.765625
0.762875
0.762875
0.761375
0.759125
0.757875
0.754875
0.752625
0.750250
0.748750
0.744625
0.743375
0.740625
0.739125
0.736500
0.734875
0.732125
0.729750
0.729750
0.728500
0.724875
0.723500
0.720375
0.718625
0.715875
0.715000
0.712000
0.709000
0.709000
0.709125
0.706375
0.704250
0.703250
0.700625
0.698375
0.696250
0.695625
0.692125
0.691375
0.688625
0.686000
0.684500
0.682000
0.679875
0.677750
0.675625
0.673750
0.672000
0.668750
0.667250
0.664625
0.662875
0.660750
0.660750
0.658750
0.657250
0.655625
0.652625
0.650500
0.648625
0.646625
0.645125
0.642875
0.642500
0.641625
0.640625
0.640000
0.637500
0.635375
0.633625
0.632250
0.630000
0.628625
0.626000
0.624250
0.623125
0.621500
0.621500
0.619625
0.618875
0.618000
0.615750
0.614125
0.614000
0.612500
0.610375
0.609750
0.607625
0.605875
0.605500
0.604750
0.603625
0.602000
0.600625
0.598375
0.598000
0.594750
0.593375
0.592250
0.590750
0.588625
0.586375
0.584375
0.585375
0.585375
0.582500
0.581125
0.578250
0.576875
0.575875
0.575250
0.571125
0.569500
0.570250
0.567500
0.566500
0.563500
0.562750
0.562000
0.561250
0.559250
0.557875
0.555250
0.553375
0.552000
0.549500
0.547250
0.547250
0.546375
0.545000
0.543375
0.542125
0.540000
0.539125
0.537125
0.537125
0.536125
0.534750
0.533125
0.532500
0.531000
0.529000
0.527375
0.526875
0.525375
0.524125
0.523375
0.522500
0.522875
0.522250
0.520500
0.519250
0.517875
0.517875
0.516375
0.516500
0.514125
0.513375
0.511875
0.511625
0.511500
0.508875
0.507625
0.506625
0.507125
0.505250
0.503750
0.503500
0.503250
0.503125
0.500750
0.498625
0.496500
0.495625
0.494125
0.493000
0.491750
0.490125
0.488625
0.488625
0.485500
0.485125
0.483500
0.480625
0.479125
0.479125
0.477875
0.476250
0.475000
0.474125
0.473750
0.471875
0.471250
0.470875
0.470750
0.469250
0.468875
0.467750
0.466625
0.464875
0.463625
0.461750
0.460625
0.460625
0.459125
0.459125
0.459250
0.457500
0.456125
0.454625
0.453875
0.451875
0.448875
0.447750
0.447750
0.446625
0.444500
0.442375
0.439625
0.437750
0.439000
0.435375
0.434875
0.433625
0.432500
0.433250
0.430250
0.428125
0.426250
0.423125
0.423125
0.421250
0.420750
0.416250
0.415875
0.414125
0.412125
0.410625
0.409125
0.408000
0.406625
0.406125
0.403625
0.402625
0.400875
0.399000
0.395750
0.392500
0.392750
0.391875
0.390125
0.388500
0.387250
0.385875
0.385500
0.383500
0.382750
0.381000
0.380875
0.379750
0.378375
0.376750
0.376625
0.374875
0.374125
0.374125
0.373000
0.373125
0.371000
0.372625
0.369375
0.369750
0.366750
0.366875
0.366250
0.366625
0.364000
0.363500
0.362500
0.360625
0.359250
0.357250
0.355875
0.354375
0.353000
0.351625
0.349875
0.347875
0.347125
0.347125
0.346000
0.344750
0.343000
0.341375
0.340125
0.339750
0.338125
0.335625
0.333875
0.332375
0.331875
0.329875
0.326875
0.326500
0.323625
0.322625
0.321375
0.319250
0.318375
0.316875
0.314500
0.311875
0.309625
0.307625
0.308000
0.306375
0.304375
0.304375
0.301500
0.301375
0.300000
0.298500
0.297750
0.296875
0.296500
0.293750
0.294125
0.290875
0.290875
0.289750
0.289250
0.287250
0.287750
0.286375
0.285500
0.284375
0.283125
0.281875
0.282125
0.282125
0.280375
0.280375
0.278500
0.276875
0.276000
0.276375
0.275125
0.272625
0.272250
0.273000
0.272250
0.270500
0.270375
0.270125
0.268625
0.268000
0.265250
0.264000
0.262125
0.261625
0.260250
0.260000
0.259500
0.258375
0.257250
0.255750
0.255750
0.253250
0.252625
0.252375
0.251750
0.250625
0.248250
0.247875
0.247125
0.246250
0.244625
0.244250
0.244875
0.243500
0.243125
0.241625
0.240500
0.239375
0.239000
0.239125
0.237500
0.236250
0.236375
0.236375
0.235625
0.234500
0.234500
0.234250
0.234000
0.233875
0.233000
0.231875
0.230000
0.230375
0.230875
0.230125
0.229000
0.228750
0.228250
0.228750
0.227625
0.226875
0.226375
0.226250
0.224875
0.224125
0.222875
0.222375
0.221875
0.221250
0.220125
0.219500
0.219500
0.218500
0.218875
0.217500
0.217125
0.215625
0.215375
0.214750
0.213750
0.213625
0.212125
0.211500
0.210000
0.208500
0.206625
0.206500
0.205375
0.204000
0.203500
0.202500
0.200250
0.198500
0.198500
0.196500
0.195125
0.195125
0.194375
0.193250
0.191625
0.190625
0.189750
0.188750
0.187750
0.186375
0.185125
0.183375
0.183125
0.183000
0.180000
0.176875
0.175125
0.174250
0.172625
0.170500
0.169500
0.168375
0.167125
0.166000
0.164500
0.163500
0.162125
0.161375
0.160375
0.158750
0.158750
0.157375
0.155000
0.152750
0.151125
0.148500
0.146125
0.145875
0.141500
0.139500
0.137250
0.136125
0.132000
0.130625
0.128625
0.126500
0.125375
0.124875
0.122875
0.121375
0.119625
0.118250
0.117375
0.116375
0.116375
0.114125
0.113125
0.110375
0.108250
0.105625
0.103125
0.099875
0.098375
0.096750
0.094750
0.091750
0.089750
0.088375
0.085750
0.083375
0.082375
0.080750
0.079500
0.077375
0.075000
0.073125
0.070625
0.068875
0.068875
0.063875
0.062375
0.060500
0.058875
0.056500
0.053875
0.053875
0.053625
0.051750
0.049500
0.047375
0.044875
0.043375
0.041625
0.040000
0.038250
0.034125
0.029000
0.024375
0.022000
0.019875
0.016125
0.013500
0.010500
0.008375
0.006125
0.004125
0.003125
0.002250
0.002250
0.002125
0.001875
0.001625
0.001500
0.000750
0.000500
0.000250
0.000125
0.000125
0.000125
0.000375
0.000125
0.000250
0.000000
0.001375
0.000000
0.001375
0.000125
0.000125
0.000000
0.000125
0.000000
0.001375
0.001375
0.001375
0.001375
0.000000
0.000250
0.001375
0.000125
0.000500
0.001375
0.000000
0.001375
0.000000
0.001375
0.000000
0.000125
0.000000
0.000000
0.001375
0.000000
0.001375
0.001375
0.000000
0.000000
0.000000
0.000250
0.000000
0.001375
0.001375
0.000000
0.001375
0.000000
0.000125
0.000500
0.000125
0.000250
0.000000
0.001375
0.001375
0.000000
0.001375
0.000000
0.001375
0.000250
0.000375
0.001375
0.000000
0.001375
0.001375
0.001375
0.001375
0.001375
0.000000
0.000000
0.000000
0.000000
0.001375
0.001375
0.001375
0.001375
0.001375
0.001375
0.000125
0.001375
0.000000
0.000000
0.001375
0.001375
0.000000
0.001375
0.001375
0.000250
0.000125
0.000000
0.000000
0.001375
0.001375
0.001375
0.000125
0.001375
0.000000
0.000000
0.000125
0.000000
0.001375
0.000000
0.001375
0.001375
0.000000
0.000000
0.001375
0.000250
0.000000
0.000125
0.001375
0.000000
0.001375
0.001375
0.000125
0.000125
0.000000
0.000125
0.000000
0.001375
0.000000
0.001375
0.000000
0.001375
0.000000
0.000000
0.001375
0.000250
0.001375
0.000000
0.001375
0.001375
0.001375
0.000000
0.001375
0.000000
0.001375
0.000000
0.001375
0.001375
0.001375
0.001375
0.000000
0.001375
0.000250
0.001375
0.000125
0.001375
0.001375
0.000000
0.001375
0.001375
0.000250
0.000000
0.000125
0.000000
0.001375
0.001375
0.001375
0.000125
0.001375
0.000000
0.000125
0.000000
0.000000
0.000000
0.000000
0.001375
0.000000
0.001375
0.001375
0.000250
0.001375
0.000000
0.001375
0.000000
0.001375
0.000000
0.001375
0.000000
0.001375
0.000000
0.000000
0.000000
0.001375
0.000000
0.001375
0.001375
0.001375
0.000250
0.000000
0.000000
0.001375
0.000000
0.000000
0.001375
0.001375
0.001375
0.000000
0.000000
0.001375
0.001375
0.000250
0.000000
0.001375
0.001375
0.001375
0.001375
0.000125
0.000000
0.000000
0.001375
0.000000
0.001375
0.000000
0.001375
0.000125
0.001375
0.000000
0.000000
0.000000
0.001375
0.001375
0.001375
0.000000
0.001375
0.000000
0.000000
0.000000
0.000000
0.001375
0.001375
0.001375
0.000000
0.000000
0.001375
0.000250
0.001375
0.000000
0.001375
0.001375
0.001375
0.001375
0.000000
0.001375
0.000125
0.001375
0.001375
0.000125
0.001375
0.001375
0.001375
0.000250
0.000250
0.000000
0.000250
0.001375
0.001375
0.001375
0.001375
0.000000
0.000000
0.000125
0.000125
0.000125
0.000000
0.001375
0.001375
0.001375
0.000000
0.001375
0.000125
0.000125
0.000000
0.000000
0.001375
0.001375
0.000000
0.001375
0.000000
0.000000
0.000000
0.000000
0.001375
0.001375
0.001375
0.001375
0.000000
0.000375
0.000000
0.000000
0.001375
0.000000
0.001375
0.001375
0.000000
0.001375
0.000000
0.000000
0.000000
0.001375
0.001375
0.001375
0.001375
0.001375
0.000000
0.000125
0.001375
0.000375
0.001375
0.000000
0.001375
0.000000
0.001375
0.000000
0.000125
0.001375
0.000000
0.001375
0.001375
0.001375
0.000000
0.000125
0.000125
0.000125
0.000000
0.001375
0.001375
0.001375
0.001375
0.001375
0.001375
0.000250
0.000000
0.001375
0.001375
0.001375
0.001375
0.000000
0.001375
0.000000
0.000000
0.000000
0.000125
0.001375
0.001375
0.001375
0.001375
0.000250
0.001375
0.000125
0.001375
0.001375
0.000000
0.001375
0.001375
0.001375
0.000000
0.000125
0.001375
0.000125
0.000000
0.001375
0.000000
0.001375
0.001375
0.000000
0.000000
0.000000
0.000000
0.001375
0.001375
0.000000
0.001375
0.001375
0.000000
0.000125
0.000000
0.000000
0.000000
0.001375
0.001375
0.001375
0.000000
0.001375
0.000000
0.000000
0.001375
0.000000
0.001375
0.000000
0.000000
0.001375
0.000250
0.000000
0.001375
0.000500
0.001375
0.001375
0.000000
0.001375
0.000125
0.000250
0.000375
0.001375
0.000000
0.001375
0.001375
0.001375
0.000000
0.000000
0.001375
0.000125
0.000125
0.000000
0.001375
0.001375
0.001375
0.001375
0.000000
0.000000
0.001375
0.000250
0.000000
0.001375
0.001375
0.001375
0.001375
0.000000
0.001375
0.000000
0.000000
0.001375
0.001375
0.000000
0.001375
0.001375
0.001375
0.000000
0.000000
0.001375
0.000000
0.001375
0.000125
0.001375
0.001375
0.000000
0.001375
0.000125
0.000000
0.000000
0.001375
0.001375
0.001375
0.000000
0.000000
0.001375
0.000000
0.000000
0.000000
0.000000
0.001375
0.000000
0.001375
0.001375
0.001375
0.001375
0.000125
0.000000
0.000125
0.000000
0.001375
0.000000
0.001375
0.000000
0.000000
0.000000
0.000250
0.001375
0.000000
0.001375
0.001375
0.001375
0.000000
0.000000
0.001375
0.001375
0.000125
0.001375
0.000000
0.001375
0.000000
0.001375
0.000125
0.000000
0.000000
0.001375
0.000000
0.001375
0.001375
0.001375
0.001375
0.000000
0.001375
0.000000
0.001375
0.001375
0.000000
0.000000
0.001375
0.000000
0.000000
0.000000
0.001375
0.000000
0.001375
0.001375
0.001375
0.001375
0.001375
0.001375
0.000000
0.001375
0.000000
0.001375
0.001375
0.001375
0.000000
0.001375
0.001375
0.000000
0.000000
0.000000
0.001375
0.001375
0.001375
0.001375
0.000125
0.000000
0.001375
0.000000
0.000000
0.001375
0.000000
0.001375
0.001375
0.000000
0.000000
0.000000
0.000000
0.001375
0.001375
0.001375
0.000000
0.001375
0.000000
0.000250
0.000250
0.001375
0.001375
0.000000
0.001375
0.001375
0.001375
0.000000
0.001375
0.000125
0.000000
0.001375
0.000000
0.001375
0.001375
0.000000
0.001375
0.000000
0.000000
0.001375
0.000000
0.001375
0.001375
0.000000
0.000000
0.001375
0.001375
0.000000
0.000500
0.001375
0.001375
0.001375
0.001375
0.001375
0.000000
0.000000
0.001375
0.000000
0.001375
0.001375
0.001375
0.001375
0.000000
0.001375
0.000125
0.000000
0.001375
0.001375
0.001375
0.001375
0.001375
0.001375
0.000000
0.000000
0.000000
0.001375
0.001375
0.001375
0.000125
0.001375
0.000000
0.001375
0.000125
0.000000
0.001375
0.000250
0.001375
0.001375
0.001375
0.000000
0.000000
0.001375
0.001375
0.000000
0.000000
0.001375
0.001375
0.000250
0.000000
0.001375
0.000000
0.000250
0.001375
0.001375
0.001375
0.001375
0.000000
0.000000
0.000000
0.000000
0.000000
0.001375
0.001375
0.001375
0.001375
0.000000
0.000000
0.001375
0.001375
0.000250
0.001375
0.001375
0.001375
0.001375
0.000125
0.001375
0.000250
0.000000
0.001375
0.001375
0.001375
0.001375
0.000125
0.001375
0.000375
0.001375
0.000000
0.001375
0.000000
0.001375
0.001375
0.001375
0.000000
0.000250
0.000125
0.000000
0.001375
0.000000
0.001375
0.000000
0.001375
0.000000
0.000000
0.000000
0.001375
0.000000
0.001375
0.001375
0.000000
0.000000
0.000000
0.000000
0.001375
0.000000
0.001375
0.001375
0.001375
0.001375
0.000000
0.000000
0.000000
0.000000
0.000000
0.000000
0.001375
0.001375
0.001375
0.000000
0.001375
0.000125
0.001375
0.001375
0.001375
0.001375
0.001375
0.000375
0.000000
0.000000
0.001375
0.000000
0.000000
0.001375
0.001375
0.001375
0.000000
0.001375
0.000000
0.001375
0.000000
0.001375
0.000000
0.001375
0.001375
0.000000
0.000125
0.001375
0.000000
0.000000
0.001375
0.001375
0.001375
0.000000
0.001375
0.000000
0.000000
0.000000
0.001375
0.001375
0.001375
0.001375
0.000125
0.001375
0.000000
0.000125
0.000000
0.001375
0.001375
0.001375
0.001375
0.000000
0.000000
0.000125
0.000000
0.001375
0.000000
0.001375
0.001375
0.000000
0.000000
0.001375
0.000250
0.000250
0.001375
0.001375
0.001375
0.001375
0.001375
0.000125
0.000000
0.000000
0.000000
0.001375
0.001375
0.001375
0.000000
0.000000
0.000000
0.000000
0.000000
0.001375
0.000000
0.001375
0.001375
0.001375
0.001375
0.000000
0.001375
0.001375
0.000000
0.000000
0.001375
0.001375
0.001375
0.000000
0.001375
0.000250
0.000125
0.001375
0.001375
0.000000
0.000000
0.000000
0.000000
0.001375
0.000125
0.001375
0.001375
0.000000
0.001375
0.000000
0.000000
0.000000
0.001375
0.000000
0.001375
0.001375
0.001375
0.001375
0.000000
0.000125
0.000000
0.001375
0.000000
0.001375
0.001375
0.000000
0.000000
0.000000
0.001375
0.000375
0.000125
0.000000
0.001375
0.001375
0.001375
0.000000
0.000000
0.001375
0.001375
0.000250
0.000000
0.001375
0.001375
0.001375
0.001375
0.000000
0.000000
0.000000
0.001375
0.000000
0.001375
0.001375
0.000000
0.000000
0.001375
0.000125
0.001375
0.000000
0.001375
0.001375
0.000000
0.000000
0.001375
0.000250
0.000250
0.001375
0.001375
0.001375
0.001375
0.000000
0.000000
0.000000
0.001375
0.000250
0.001375
0.001375
0.001375
0.001375
0.001375
0.001375
0.000125
0.000500
0.000000
0.000000
0.001375
0.001375
0.001375
0.000125
0.001375
0.000000
0.000000
0.000000
0.001375
0.000000
0.001375
0.001375
0.000000
0.000000
0.000000
0.001375
0.000000
0.001375
0.001375
0.001375
0.000000
0.001375
0.000125
0.000125
0.000000
0.000000
0.000000
0.001375
0.001375
0.001375
0.000000
0.000000
0.000000
0.000000
0.000000
0.000000
0.001375
0.001375
0.001375
0.000000
0.001375
0.000000
0.001375
0.000000
0.000000
0.001375
0.000000
0.001375
0.000375
0.000000
0.000000
0.001375
0.000125
0.001375
0.000000
0.001375
0.001375
0.000000
0.001375
0.001375
0.001375
0.000000
0.001375
0.000000
0.000000
0.000000
0.001375
0.000000
0.001375
0.000375
0.000250
0.000375
0.000250
0.000000
0.000250
0.000125
0.000125
0.000000
0.000000
0.001375
0.000000
0.001375
0.001375
0.001375
0.001375
0.000000
0.000250
0.000000
0.000000
0.000000
0.000125
0.000000
0.001375
0.000000
0.001375
0.001375
0.000000
0.000000
0.000000
0.000000
0.000000
0.000000
0.001375
0.001375
0.001375
0.000125
0.001375
0.000000
0.000125
0.001375
0.001375
0.000000
0.001375
0.001375
0.000125
0.000000
0.000125
0.000000
0.001375
0.000125
0.000000
0.001375
0.001375
0.001375
0.001375
0.001375
0.000000
0.000000
0.001375
0.000000
0.000000
0.001375
0.000125
0.000000
0.000000
0.000000
0.000000
0.000000
0.000000
0.001375
0.001375
0.000000
0.000125
0.000250
