0
3
2
65535
65535
65534
65534
65535
65534
2
1
2
1
65534
2
65535
0
65535
0
65534
65535
1
0
65535
3
65535
2
0
65534
0
65534
65535
65535
0
65534
65535
65534
65534
65535
65535
65535
0
65533
1
65533
2
2
1
65534
2
65535
1
1
0
65535
1
3
1
1
65535
1
65533
1
65533
65535
0
65534
0
65534
0
2
65533
0
65532
65535
1
0
0
0
0
65534
0
65533
65534
0
65533
2
0
0
0
65534
65535
0
65533
0
1
1
1
65535
65535
65534
65535
0
0
0
0
65535
0
65532
65532
65535
65532
0
1
65535
0
65534
65535
65533
65535
0
65534
65535
2
65534
65535
65534
65535
2
65535
3
0
65535
0
65532
65533
65534
65534
65535
2
2
1
65534
65533
65533
65535
1
1
1
65535
3
65535
65534
65532
65532
2
1
1
65535
0
65532
65535
65534
1
1
1
1
3
0
65533
0
65534
3
2
1
1
65534
65535
0
65535
2
1
1
0
65534
0
65533
1
0
0
0
1
0
65534
65534
1
65533
2
2
0
0
65534
1
65535
0
1
1
1
65534
65535
0
65533
0
65533
2
5
65535
65535
65535
65535
0
2
0
65535
3
1
1
65532
65533
65535
2
2
1
1
65534
65533
65534
1
65535
3
0
0
65535
65535
2
0
0
0
65534
0
65533
65533
65535
1
2
1
0
65534
0
65533
65535
2
3
65535
2
65534
65535
1
65535
3
3
2
2
65535
0
65531
65535
1
1
65535
0
1
65533
65533
65533
1
0
1
2
0
65531
65534
65535
0
1
1
1
1
65534
0
65532
1
65535
3
3
2
0
65532
65535
0
0
65532
0
65535
65535
65535
1
2
65532
3
1
1
0
65533
3
0
2
3
4
8
11
14
21
28
38
55
72
90
137
160
183
204
218
250
271
292
316
332
351
362
377
394
427
438
452
452
459
466
475
474
479
490
496
507
517
518
528
533
530
537
544
552
557
560
567
566
576
597
602
608
607
623
627
634
641
641
651
657
660
675
678
683
685
689
704
711
735
738
743
756
763
782
800
816
829
849
859
865
875
891
914
929
959
977
996
996
1027
1063
1115
1151
1193
1220
1245
1245
1253
1264
1300
1320
1346
1365
1385
1402
1413
1429
1446
1464
1487
1498
1503
1520
1527
1543
1548
1551
1560
1565
1576
1571
1577
1588
1599
1604
1607
1620
1626
1633
1638
1636
1643
1653
1669
1667
1674
1676
1682
1687
1698
1698
1699
1699
1703
1717
1713
1720
1752
1752
1758
1757
1758
1777
1793
1797
1810
1820
1824
1843
1857
1865
1892
1910
1923
1933
1949
1961
1977
1984
1996
2007
2033
2063
2071
2083
2103
2107
2121
2132
2149
2162
2176
2192
2192
2205
2215
2230
2242
2253
2267
2276
2297
2314
2329
2329
2343
2359
2370
2383
2394
2409
2419
2425
2440
2457
2463
2477
2477
2483
2484
2515
2523
2537
2543
2558
2575
2579
2594
2612
2622
2630
2651
2651
2672
2688
2694
2709
2727
2751
2767
2791
2791
2815
2833
2855
2876
2900
2910
2926
2951
2972
2997
3012
3026
3053
3081
3098
3115
3134
3140
3169
3178
3196
3197
3210
3229
3235
3235
3256
3270
3286
3296
3308
3321
3322
3340
3349
3352
3354
3365
3377
3384
3383
3393
3402
3416
3424
3429
3433
3443
3459
3459
3470
3479
3487
3512
3523
3543
3554
3572
3588
3594
3607
3605
3621
3625
3649
3650
3661
3666
3693
3700
3710
3718
3736
3736
3747
3760
3775
3788
3806
3818
3832
3839
3856
3865
3884
3901
3914
3925
3948
3967
3965
3975
3999
4013
4015
4020
4018
4018
4030
4047
4039
4062
4081
4090
4105
4102
4108
4109
4113
4121
4136
4137
4157
4164
4166
4178
4180
4194
4201
4202
4202
4211
4216
4227
4226
4235
4243
4260
4259
4275
4272
4278
4297
4302
4313
4322
4324
4339
4346
4342
4358
4361
4387
4391
4388
4395
4395
4407
4405
4414
4413
4412
4427
4432
4436
4432
4448
4460
4469
4472
4478
4485
4497
4491
4487
4489
4505
4501
4501
4501
4515
4519
4526
4538
4539
4530
4544
4553
4564
4565
4572
4575
4595
4590
4601
4605
4612
4626
4625
4639
4637
4653
4653
4663
4669
4670
4689
4685
4687
4699
4692
4710
4717
4712
4709
4703
4718
4723
4706
4716
4711
4709
4716
4718
4726
4723
4723
4736
4723
4723
4725
4730
4730
4732
4740
4740
4735
4751
4749
4747
4756
4769
4758
4762
4761
4765
4774
4773
4778
4773
4776
4783
4807
4799
4806
4806
4816
4812
4815
4816
4813
4826
4826
4822
4828
4852
4844
4852
4852
4857
4854
4863
4862
4877
4871
4881
4896
4904
4906
4911
4939
4950
4953
4960
4971
4982
4998
5005
5017
5024
5045
5049
5068
5078
5081
5100
5100
5114
5119
5120
5134
5146
5149
5166
5162
5166
5172
5167
5181
5194
5191
5208
5205
5208
5214
5214
5219
5231
5237
5234
5251
5252
5265
5260
5277
5281
5282
5294
5290
5303
5315
5323
5319
5331
5338
5349
5365
5367
5384
5398
5398
5420
5432
5437
5453
5470
5484
5494
5509
5519
5528
5546
5568
5585
5596
5603
5616
5628
5648
5665
5674
5685
5690
5702
5711
5720
5720
5735
5747
5752
5752
5747
5747
5752
5761
5773
5775
5765
5779
5780
5795
5797
5803
5819
5820
5822
5832
5826
5829
5836
5848
5845
5851
5860
5870
5872
5880
5888
5888
5899
5907
5909
5908
5917
5928
5931
5932
5945
5970
5965
5972
5988
5998
6007
6021
6028
6034
6051
6062
6067
6077
6094
6101
6121
6121
6145
6147
6161
6167
6195
6219
6222
6236
6257
6278
6302
6316
6329
6347
6360
6382
6403
6423
6431
6453
6471
6479
6502
6523
6552
6552
6560
6583
6598
6613
6633
6628
6648
6660
6671
6676
6685
6692
6699
6718
6751
6767
6786
6791
6811
6822
6829
6842
6847
6864
6877
6894
6890
6923
6908
6920
6920
6937
6939
6947
6958
6963
6966
6986
6985
6995
7008
7026
7038
7072
7078
7099
7114
7133
7151
7163
7175
7191
7192
7211
7226
7227
7237
7237
7253
7270
7281
7287
7281
7298
7312
7321
7327
7338
7351
7362
7387
7396
7412
7451
7488
7502
7499
7521
7540
7534
7549
7552
7566
7582
7594
7608
7620
7633
7659
7666
7666
7685
7679
7711
7729
7728
7731
7750
7778
7782
7786
7797
7802
7810
7828
7836
7844
7855
7862
7875
7879
7875
7882
7904
7913
7913
7923
7932
7930
7943
7952
7967
7965
7969
7979
7985
7993
8005
7998
8015
8035
8044
8049
8055
8055
8064
8069
8074
8067
8090
8094
8094
8096
8113
8115
8135
8138
8150
8161
8172
8187
8189
8202
8225
8248
8268
8277
8303
8330
8355
8362
8375
8403
8438
8458
8478
8478
8495
8511
8548
8569
8577
8594
8612
8631
8648
8666
8687
8704
8723
8729
8737
8743
8759
8766
8781
8792
8809
8823
8829
8842
8854
8860
8865
8884
8890
8898
8898
8907
8928
8925
8942
8951
8976
8985
8992
8989
9004
9015
9039
9055
9051
9064
9083
9091
9117
9119
9141
9155
9166
9171
9178
9190
9202
9217
9218
9229
9248
9262
9262
9283
9282
9305
9311
9316
9317
9321
9331
9342
9362
9360
9381
9409
9434
9452
9469
9475
9495
9512
9522
9537
9566
9578
9607
9607
9619
9635
9666
9694
9725
9743
9758
9777
9800
9814
9820
9839
9846
9882
9885
9915
9937
9962
9974
9991
10003
10022
10035
10035
10062
10075
10105
10116
10139
10161
10176
10189
10217
10234
10265
10272
10280
10303
10311
10313
10333
10347
10356
10387
10395
10398
10411
10411
10415
10428
10444
10445
10454
10469
10485
10486
10493
10502
10522
10536
10558
10581
10594
10620
10637
10648
10662
10681
10701
10721
10727
10727
10743
10761
10793
10803
10824
10835
10872
10884
10909
10916
10924
10941
10974
10970
10999
11002
11020
11045
11063
11070
11080
11100
11115
11121
11122
11140
11155
11160
11189
11197
11208
11208
11243
11245
11254
11254
11261
11279
11287
11287
11289
11292
11304
11302
11318
11322
11323
11331
11323
11318
11318
11321
11321
11327
11311
11311
11309
11317
11326
11328
11313
11320
11323
11328
11314
11313
11313
11320
11318
11314
11309
11314
11316
11333
11325
11339
11348
11359
11377
11377
11382
11399
11411
11431
11445
11461
11488
11499
11526
11561
11578
11616
11638
11665
11673
11694
11711
11725
11753
11769
11797
11817
11849
11849
11860
11867
11883
11897
11922
11925
11946
11963
11973
11992
12015
12020
12040
12058
12072
12084
12084
12089
12092
12099
12089
12097
12100
12100
12111
12109
12113
12109
12120
12126
12117
12118
12107
12125
12109
12113
12112
12107
12126
12117
12109
12121
12121
12127
12127
12110
12121
12117
12117
12115
12120
12103
12115
12128
12129
12129
12117
12116
12130
12120
12120
12131
12133
12144
12155
12168
12178
12190
12213
12238
12256
12270
12278
12309
12309
12325
12349
12388
12414
12437
12456
12476
12494
12519
12528
12554
12551
12560
12578
12603
12624
12633
12657
12674
12692
12715
12733
12756
12756
12777
12812
12820
12832
12853
12855
12880
12878
12889
12906
12908
12913
12940
12951
12961
12968
12973
12971
12979
12992
12992
12991
12997
12999
12999
13009
13009
13025
13031
13046
13043
13043
13039
13045
13049
13051
13058
13055
13059
13068
13073
13081
13093
13095
13109
13111
13118
13114
13114
13128
13136
13141
13144
13164
13188
13217
13232
13239
13269
13293
13304
13308
13322
13338
13372
13391
13396
13434
13461
13485
13511
13540
13540
13568
13595
13618
13635
13645
13667
13697
13706
13725
13742
13777
13800
13828
13848
13857
13883
13897
13904
13922
13946
13962
13975
13992
13992
13996
14007
14029
14045
14049
14070
14085
14091
14098
14104
14104
14118
14123
14131
14145
14147
14161
14169
14173
14171
14171
14181
14183
14195
14187
14187
14186
14192
14196
14202
14201
14208
14214
14217
14215
14209
14214
14225
14230
14231
14230
14237
14248
14236
14256
14271
14279
14292
14299
14316
14316
14305
14329
14342
14344
14361
14363
14374
14394
14411
14433
14452
14475
14481
14491
14500
14509
14543
14554
14556
14585
14585
14614
14629
14629
14643
14654
14673
14691
14696
14720
14731
14736
14746
14757
14760
14782
14803
14822
14832
14847
14842
14851
14863
14875
14891
14909
14926
14941
14941
14952
14979
15008
15029
15058
15074
15097
15133
15159
15185
15202
15224
15233
15252
15265
15301
15348
15362
15372
15384
15379
15404
15404
15404
15417
15421
15439
15449
15465
15473
15488
15483
15499
15514
15507
15517
15531
15549
15541
15553
15565
15572
15598
15610
15629
15643
15664
15664
15683
15693
15699
15698
15724
15732
15748
15768
15776
15799
15818
15827
15852
15875
15894
15905
15924
15942
15948
15955
15974
15977
15990
15998
15998
16011
16014
16036
16044
16048
16071
16069
16073
16093
16099
16118
16113
16119
16119
16132
16146
16154
16149
16158
16162
16159
16166
16173
16173
16173
16180
16184
16180
16194
16196
16206
16215
16205
16221
16224
16221
16230
16238
16234
16242
16252
16246
16262
16270
16272
16274
16290
16279
16279
16279
16298
16287
16287
16287
16295
16297
16302
16284
16308
16324
16313
16327
16330
16328
16318
16338
16337
16336
16339
16353
16352
16356
16362
16362
16370
16377
16388
16382
16391
16385
16412
16419
16414
16420
16434
16446
16466
16480
16478
16486
16506
16517
16512
16522
16536
16553
16564
16564
16572
16591
16595
16600
16612
16618
16628
16637
16648
16645
16656
16662
16669
16690
16693
16701
16709
16724
16733
16732
16735
16751
16749
16752
16753
16753
16752
16764
16772
16775
16773
16772
16802
16811
16809
16817
16828
16831
16832
16841
16847
16855
16859
16849
16863
16865
16880
16886
16886
16895
16883
16889
16885
16900
16908
16907
16914
16926
16930
16943
16949
16949
16972
16991
16996
17007
17015
17030
17041
17049
17062
17080
17080
17105
17110
17122
17138
17152
17162
17169
17187
17205
17215
17232
17231
17255
17269
17297
17327
17342
17354
17361
17382
17390
17395
17401
17414
17430
17430
17438
17437
17454
17466
17473
17485
17499
17493
17511
17513
17530
17523
17516
17521
17528
17531
17520
17542
17553
17545
17550
17542
17544
17544
17553
17554
17556
17560
17574
17570
17572
17574
17583
17592
17602
17606
17611
17609
17623
17639
17642
17651
17665
17688
17702
17718
17738
17752
17752
17778
17792
17802
17819
17828
17854
17869
17886
17903
17923
17947
17969
17986
18004
18014
18028
18041
18056
18075
18102
18122
18125
18133
18149
18149
18171
18204
18211
18222
18246
18265
18266
18276
18278
18300
18313
18317
18328
18330
18352
18359
18368
18370
18376
18376
18371
18375
18392
18392
18391
18400
18403
18385
18407
18410
18414
18418
18416
18413
18421
18416
18412
18416
18420
18420
18420
18418
18416
18424
18427
18423
18423
18433
18426
18424
18425
18429
18435
18433
18445
18449
18450
18449
18466
18473
18482
18488
18488
18500
18511
18516
18517
18529
18532
18543
18543
18552
18560
18576
18589
18614
18616
18625
18645
18661
18679
18679
18686
18701
18709
18728
18735
18745
18769
18773
18799
18799
18823
18847
18851
18851
18857
18876
18879
18897
18921
18938
18953
18974
18983
18996
18997
19009
19035
19046
19065
19084
19094
19112
19123
19139
19147
19158
19179
19179
19179
19175
19186
19191
19208
19209
19209
19213
19219
19231
19233
19236
19235
19246
19236
19242
19242
19246
19246
19243
19241
19229
19258
19243
19254
19245
19249
19250
19253
19246
19251
19242
19241
19241
19238
19233
19227
19231
19253
19245
19245
19248
19249
19241
19240
19243
19238
19242
19235
19242
19244
19250
19236
19249
19258
19250
19250
19249
19252
19252
19244
19231
19238
19243
19243
19249
19243
19251
19235
19255
19253
19242
19238
19240
19250
19247
19237
19241
19237
19242
19259
19246
19251
19246
19248
19245
19258
19237
19237
19247
19262
19265
19262
19258
19270
19285
19287
19296
19289
19311
19325
19329
19337
19341
19361
19379
19396
19394
19402
19413
19417
19417
19429
19425
19431
19436
19452
19461
19454
19455
19471
19479
19488
19482
19489
19497
19498
19500
19499
19507
19510
19513
19513
19513
19513
19513
19512
19518
19521
19520
19524
19525
19535
19537
19521
19534
19532
19541
19532
19532
19539
19543
19538
19545
19542
19548
19561
19574
19569
19569
19572
19569
19566
19584
19581
19596
19598
19608
19607
19623
19643
19638
19652
19654
19656
19665
19680
19685
19691
19702
19725
19726
19726
19740
19757
19759
19770
19784
19788
19805
19808
19827
19835
19845
19854
19868
19886
19894
19905
19901
19920
19922
19930
19930
19941
19941
19948
19962
19965
19963
19980
19990
20002
20005
20004
20009
20014
20018
20035
20027
20027
20036
20050
20061
20057
20066
20079
20089
20102
20095
20095
20102
20109
20127
20143
20152
20154
20170
20185
20199
20212
20212
20227
20239
20241
20250
20268
20292
20297
20299
20313
20329
20349
20349
20338
20350
20364
20393
20408
20421
20431
20437
20461
20480
20483
20488
20508
20533
20548
20557
20577
20587
20605
20615
20626
20641
20641
20663
20668
20680
20686
20701
20711
20735
20746
20754
20761
20774
20798
20805
20836
20859
20873
20883
20896
20914
20912
20933
20950
20963
20984
20986
21001
20996
20996
21005
21025
21027
21031
21049
21060
21082
21086
21082
21095
21112
21117
21115
21123
21138
21150
21175
21167
21172
21205
21205
21204
21208
21204
21212
21234
21247
21251
21267
21275
21285
21300
21306
21324
21334
21340
21364
21370
21374
21389
21390
21390
21414
21407
21422
21447
21453
21465
21481
21488
21504
21521
21535
21556
21576
21599
21624
21626
21642
21664
21688
21700
21720
21728
21739
21757
21757
21782
21793
21817
21829
21850
21866
21871
21888
21898
21922
21949
21946
21956
21969
21986
22006
22013
22027
22043
22055
22054
22079
22102
22102
22109
22121
22128
22145
22150
22179
22182
22201
22216
22224
22244
22262
22282
22298
22318
22345
22362
22362
22373
22395
22423
22434
22442
22442
22456
22476
22488
22498
22501
22518
22531
22546
22567
22574
22600
22611
22629
22639
22647
22660
22683
22689
22709
22717
22739
22756
22753
22753
22776
22782
22797
22808
22825
22830
22850
22854
22874
22882
22890
22903
22918
22927
22924
22943
22962
22966
22974
22990
23012
23016
23016
23016
23031
23043
23056
23061
23072
23078
23094
23102
23126
23135
23147
23157
23167
23188
23199
23196
23212
23225
23229
23237
23236
23255
23255
23265
23269
23285
23289
23300
23318
23321
23327
23331
23346
23361
23371
23385
23394
23404
23415
23431
23438
23449
23473
23489
23502
23502
23506
23507
23515
23526
23538
23547
23562
23563
23587
23592
23589
23606
23624
23644
23652
23658
23684
23700
23710
23709
23714
23734
23748
23749
23749
23751
23768
23776
23783
23795
23798
23812
23817
23823
23830
23835
23833
23848
23852
23855
23871
23871
23878
23885
23879
23886
23887
23899
23899
23893
23907
23918
23919
23935
23940
23943
23941
23950
23957
23957
23967
23971
23974
23985
23987
23995
23996
23994
24012
24013
24015
24021
24021
24028
24041
24037
24046
24057
24053
24052
24063
24060
24067
24081
24089
24092
24094
24113
24118
24129
24132
24134
24137
24147
24150
24150
24150
24158
24171
24186
24198
24192
24193
24209
24213
24216
24219
24225
24233
24232
24244
24247
24249
24256
24262
24261
24273
24269
24269
24279
24282
24291
24294
24295
24297
24294
24314
24314
24325
24326
24322
24325
24323
24326
24351
24343
24345
24358
24372
24388
24395
24404
24404
24407
24426
24438
24440
24440
24455
24461
24474
24476
24480
24486
24502
24511
24516
24524
24531
24536
24544
24557
24560
24572
24580
24586
24586
24594
24608
24618
24623
24635
24634
24648
24658
24670
24678
24685
24705
24714
24726
24712
24736
24757
24771
24786
24796
24804
24817
24830
24833
24840
24852
24868
24879
24888
24899
24917
24917
24935
24960
24963
24975
24984
25005
25023
25025
25036
25043
25060
25071
25085
25094
25113
25122
25133
25163
25171
25189
25203
25217
25230
25239
25262
25285
25297
25306
25319
25339
25354
25357
25363
25375
25393
25402
25424
25424
25434
25460
25466
25480
25501
25510
25521
25521
25532
25543
25548
25600
25606
25625
25630
25640
25645
25657
25665
25679
25685
25689
25704
25711
25726
25732
25744
25761
25771
25773
25792
25800
25810
25820
25827
25834
25834
25842
25857
25866
25880
25898
25917
25941
25951
25967
25980
26003
26022
26037
26060
26078
26098
26112
26132
26153
26162
26181
26186
26195
26199
26204
26209
26209
26213
26211
26215
26218
26226
26223
26229
26234
26234
26239
26244
26245
26255
26257
26260
26259
26257
26264
26264
26266
26275
26275
26275
26276
26276
26281
26281
26282
26287
26289
26287
26288
26293
26294
26295
26298
26296
26298
26298
26300
26302
26303
26302
26306
26305
26302
26295
26305
26307
26306
26307
26310
26308
26309
26310
26310
26310
26310
26313
26312
26314
26311
26311
26317
26315
26312
26313
26311
26314
26314
26313
26314
26313
26315
26313
26315
26314
26316
26314
26315
26313
26311
26311
26313
26314
26313
26315
26316
26317
26314
26315
26316
26315
26315
26314
26316
26317
26313
26316
26317
26315
26315
26306
26310
26313
26318
26313
26313
26314
26314
26315
26317
26317
26314
26315
26315
26314
26313
26316
26312
26314
26314
26315
26315
26315
26314
26313
26313
26314
26313
26316
26314
26312
26315
26314
26316
26313
26314
26314
26316
26312
26314
26315
26314
26313
26316
26316
26313
26314
26312
26314
26314
26313
26315
26315
26315
26312
26313
26306
26314
26317
26315
26315
26316
26312
26314
26315
26315
26316
26313
26314
26314
26315
26317
26315
26313
26316
26312
26315
26313
26314
26313
26315
26313
26317
26314
26315
26315
26317
26314
26315
26314
26314
26316
26314
26315
26315
26314
26315
26314
26316
26315
26314
26316
26316
26313
26313
26314
26314
26315
26311
26315
26311
26314
26306
26306
26313
26316
26315
26315
26315
26315
26316
26320
26315
26316
26316
26314
26316
26316
26316
26316
26312
26313
26315
26315
26314
26314
26314
26315
26313
26314
26312
26314
26309
26309
26313
26313
26310
26317
26315
26315
26315
26312
26313
26315
26314
26315
26315
26314
26316
26311
26315
26313
26319
26316
26312
26313
26309
26315
26310
26302
26302
26309
26316
26314
26313
26313
26315
26315
26317
26314
26310
26317
26315
26314
26316
26316
26312
26312
26315
26315
26316
26315
26319
26316
26316
26314
26315
26314
26318
26314
26313
26312
26311
26315
26313
26312
26315
26314
26318
26316
26314
26317
26315
26315
26314
26315
26314
26315
26315
26315
26313
26311
26314
26315
26314
26315
26305
26310
26315
26316
26316
26315
26312
26315
26316
26318
26321
26315
26318
26315
26316
26318
26316
26316
26313
26315
26315
26314
26313
26315
26314
26314
26314
26312
26314
26313
26316
26314
26314
26315
26315
26316
26313
26317
26318
26316
26311
26312
26314
26314
26313
26312
26314
26312
26314
26314
26314
26316
26311
26315
26317
26313
26318
26307
26309
26317
26315
26316
26314
26314
26315
26313
26313
26311
26311
26318
26312
26316
26314
26311
26315
26313
26311
26315
26312
26313
26313
26315
26314
26315
26314
26314
26316
26315
26314
26315
26316
26315
26318
26315
26315
26313
26315
26314
26312
26316
26313
26314
26312
26312
26313
26315
26310
26312
26314
26315
26315
26314
26314
26307
26304
26312
26317
26314
26313
26313
26315
26311
26309
26314
26314
26314
26315
26314
26316
26313
26311
26309
26315
26316
26316
26313
26312
26316
26316
26312
26312
26312
26314
26314
26315
26316
26319
26314
26315
26315
26314
26316
26315
26315
26314
26315
26313
26316
26314
26311
26314
26313
26314
26316
26314
26315
26314
26316
26316
26315
26314
26308
26307
26315
26315
26313
26313
26318
26316
26313
26315
26313
26314
26317
26317
26313
26316
26313
26313
26315
26313
26314
26321
26321
26311
26314
26315
26317
26316
26313
26316
26311
26315
26316
26314
26311
26316
26311
26313
26319
26314
26311
26316
26314
26316
26316
26310
26307
26307
26313
26311
26315
26311
26309
26310
26321
26313
26312
26301
26313
26314
26315
26310
26317
26320
26313
26310
26311
26318
26314
26316
26309
26315
26315
26314
26321
26307
26311
26313
26315
26320
26317
26314
26310
26315
26316
26316
26313
26315
26316
26317
26314
26316
26312
26314
26316
26312
26314
26314
26319
26312
26315
26312
26308
26313
26315
26312
26315
26314
26316
26316
26316
26312
26308
26308
26301
26313
26318
26311
26314
26320
26316
26312
26318
26318
26313
26317
26314
26312
26315
26316
26313
26317
26318
26316
26316
26312
26311
26316
26318
26313
26309
26315
26317
26315
26314
26310
26315
26311
26311
26315
26318
26316
26317
26313
26316
26314
26317
26312
26310
26315
26313
26313
26312
26319
26313
26315
26316
26315
26312
26308
26304
26302
26302
26315
26310
26317
26311
26317
26318
26318
26311
26320
26318
26318
26314
26310
26313
26318
26314
26316
26315
26316
26316
26316
26317
26317
26317
26314
26317
26315
26315
26318
26314
26317
26314
26311
26311
26314
26312
26317
26315
26314
26319
26318
26314
26315
26316
26316
26315
26315
26317
26313
26316
26313
26312
26312
26311
26307
26307
26320
26310
26315
26310
26317
26315
26317
26317
26315
26319
26315
26316
26316
26316
26317
26311
26317
26317
26314
26317
26321
26321
26312
26314
26314
26316
26312
26316
26315
26320
26319
26315
26310
26314
26320
26315
26315
26315
26308
26318
26316
26308
26312
26317
26317
26316
26313
26314
26316
26316
26317
26315
26318
26312
26316
26306
26310
26312
26317
26317
26315
26312
26313
26316
26314
26318
26314
26315
26311
26316
26313
26316
26313
26313
26316
26317
26316
26313
26313
26317
26316
26315
26310
26313
26316
26315
26312
26314
26315
26310
26317
26316
26313
26313
26316
26317
26315
26315
26313
26311
26313
26314
26315
26314
26314
26316
26315
26315
26314
26312
26318
26314
26305
26315
26315
26317
26315
26312
26311
26313
26313
26320
26314
26314
26314
26311
26314
26312
26315
26314
26314
26314
26313
26312
26314
26316
26313
26311
26315
26315
26316
26315
26312
26312
26311
26312
26311
26311
26317
26313
26315
26314
26311
26314
26314
26314
26314
26308
26310
26316
26318
26313
26312
26313
26313
26315
26313
26310
26308
26306
26312
26312
26313
26315
26312
26318
26314
26315
26313
26311
26310
26314
26312
26313
26310
26315
26315
26312
26313
26313
26315
26311
26318
26315
26317
26314
26313
26315
26314
26315
26314
26314
26315
26314
26312
26311
26315
26314
26308
26314
26314
26315
26310
26311
26316
26313
26315
26312
26314
26312
26315
26311
26317
26311
26311
26309
26302
26309
26317
26316
26316
26314
26312
26308
26314
26316
26315
26314
26312
26318
26311
26315
26316
26314
26315
26316
26311
26312
26312
26312
26311
26312
26313
26313
26315
26315
26314
26314
26313
26312
26312
26313
26312
26312
26316
26314
26312
26311
26314
26312
26316
26314
26314
26317
26313
26315
26312
26314
26314
26312
26311
26317
26305
26306
26313
26307
26313
26314
26314
26310
26313
26315
26312
26313
26313
26314
26314
26313
26314
26315
26312
26314
26311
26315
26311
26312
26312
26312
26313
26309
26313
26316
26314
26313
26315
26313
26319
26313
26313
26316
26316
26314
26314
26314
26315
26312
26315
26316
26315
26312
26314
26314
26311
26311
26314
26316
26312
26314
26314
26302
26305
26312
26318
26315
26317
26317
26310
26317
26310
26313
26310
26316
26315
26315
26316
26315
26317
26313
26316
26312
26312
26315
26314
26314
26313
26313
26313
26309
26309
26311
26314
26315
26317
26312
26314
26315
26313
26310
26311
26314
26315
26316
26314
26315
26316
26317
26312
26310
26315
26313
26312
26312
26309
26316
26311
26313
26308
26302
26309
26313
26312
26312
26310
26315
26314
26314
26313
26314
26314
26312
26315
26316
26315
26312
26313
26313
26311
26310
26314
26309
26310
26314
26313
26315
26312
26313
26312
26312
26314
26314
26315
26314
26314
26315
26312
26312
26314
26312
26312
26314
26310
26308
26313
26314
26314
26311
26312
26313
26310
26313
26311
26313
26312
26303
26307
26311
26314
26314
26312
26313
26312
26312
26312
26312
26312
26313
26311
26313
26314
26312
26313
26316
26309
26309
26312
26315
26314
26314
26315
26310
26309
26309
26311
26311
26312
26312
26312
26310
26313
26313
26312
26313
26313
26315
26313
26314
26314
26313
26311
26315
26313
26309
26315
26313
26314
26312
26312
26313
26312
26312
26308
26304
26311
26313
26314
26316
26314
26314
26311
26314
26315
26315
26317
26314
26316
26315
26315
26311
26314
26312
26315
26315
26315
26315
26311
26314
26314
26313
26314
26314
26312
26312
26312
26310
26310
26310
26304
26303
26306
26301
26300
26301
26300
26294
26294
26289
26290
26290
26286
26282
26275
26269
26268
26262
26256
26252
26248
26236
26231
26236
26233
26232
26227
26224
26220
26220
26215
26215
26216
26210
26216
26214
26214
26205
26205
26196
26201
26195
26197
26188
26180
26180
26171
26165
26158
26151
26147
26140
26130
26117
26104
26092
26076
26055
26035
26035
26022
26011
26006
25985
25971
25952
25935
25922
25909
25894
25888
25872
25855
25844
25834
25817
25817
25800
25783
25777
25779
25772
25755
25755
25749
25735
25729
25716
25699
25686
25681
25671
25663
25649
25636
25619
25611
25599
25588
25576
25561
25544
25540
25521
25519
25509
25509
25494
25476
25462
25443
25428
25414
25397
25390
25368
25358
25351
25340
25322
25309
25304
25287
25268
25255
25234
25231
25214
25189
25171
25171
25166
25151
25139
25120
25096
25084
25092
25071
25052
25049
25031
25019
25010
24995
24970
24958
24950
24933
24913
24905
24888
24862
24862
24862
24845
24833
24832
24817
24798
24794
24772
24751
24743
24724
24716
24708
24701
24679
24676
24663
24658
24648
24648
24642
24632
24632
24628
24620
24605
24591
24582
24570
24555
24537
24522
24522
24507
24501
24501
24495
24490
24476
24464
24460
24444
24442
24427
24428
24428
24414
24412
24400
24393
24371
24388
24381
24372
24362
24357
24354
24339
24340
24331
24321
24306
24303
24306
24302
24287
24275
24278
24265
24245
24245
24234
24233
24229
24215
24192
24186
24179
24173
24161
24144
24120
24119
24115
24103
24094
24081
24065
24059
24050
24038
24011
24024
24024
24020
24009
23990
23994
23993
23985
23959
23963
23965
23955
23942
23949
23933
23934
23931
23932
23920
23925
23920
23921
23917
23909
23909
23902
23911
23912
23908
23905
23903
23902
23909
23898
23894
23901
23900
23904
23899
23887
23886
23891
23889
23887
23881
23876
23876
23866
23862
23862
23861
23838
23854
23841
23836
23824
23825
23820
23819
23814
23793
23800
23804
23783
23777
23762
23750
23743
23728
23711
23705
23704
23688
23684
23671
23671
23672
23648
23639
23639
23620
23622
23615
23603
23600
23597
23594
23576
23564
23553
23543
23533
23520
23503
23488
23486
23473
23472
23461
23449
23455
23441
23441
23430
23430
23416
23408
23396
23397
23385
23374
23373
23367
23355
23349
23345
23333
23325
23317
23312
23304
23291
23281
23272
23265
23254
23245
23239
23239
23221
23225
23209
23213
23200
23188
23185
23172
23180
23164
23157
23153
23138
23132
23136
23131
23125
23114
23113
23107
23104
23095
23095
23085
23092
23077
23075
23068
23062
23068
23059
23060
23053
23049
23048
23048
23033
23034
23029
23029
23016
23002
22992
22990
22990
22981
22979
22971
22977
22970
22970
22960
22956
22941
22935
22928
22925
22910
22919
22917
22899
22886
22873
22875
22883
22862
22849
22836
22831
22825
22826
22813
22813
22810
22790
22775
22778
22771
22742
22744
22714
22694
22680
22664
22641
22643
22634
22621
22615
22611
22607
22601
22576
22568
22568
22559
22559
22551
22528
22516
22512
22518
22501
22487
22486
22391
22371
22360
22349
22343
22325
22305
22288
22281
22270
22250
22230
22227
22213
22208
22174
22151
22132
22116
22098
22072
22062
22044
22044
22038
22014
21992
21981
21960
21933
21917
21910
21898
21869
21847
21816
21783
21759
21734
21721
21695
21664
21644
21618
21603
21569
21558
21529
21529
21500
21480
21453
21434
21422
21402
21373
21354
21333
21314
21299
21276
21246
21222
21200
21185
21156
21136
21102
21096
21075
21064
21022
21022
21000
20994
20978
20945
20917
20905
20880
20858
20841
20807
20782
20764
20731
20711
20688
20676
20663
20645
20627
20610
20590
20568
20540
20518
20501
20470
20444
20444
20429
20395
20388
20372
20345
20320
20304
20283
20268
20244
20230
20214
20193
20168
20131
20104
20094
20070
20036
20027
20006
20005
19960
19950
19950
19925
19914
19891
19880
19849
19837
19826
19817
19804
19785
19770
19774
19757
19737
19723
19715
19699
19694
19689
19678
19675
19659
19653
19639
19639
19629
19613
19624
19611
19601
19582
19573
19573
19559
19569
19552
19543
19539
19525
19523
19508
19497
19503
19491
19486
19473
19480
19478
19478
19472
19461
19461
19450
19449
19434
19430
19416
19413
19398
19405
19390
19377
19386
19385
19370
19363
19362
19346
19339
19333
19323
19314
19317
19317
19310
19301
19299
19296
19293
19278
19278
19259
19247
19244
19232
19233
19217
19209
19205
19200
19201
19191
19197
19188
19187
19170
19168
19165
19165
19161
19153
19138
19128
19116
19132
19130
19119
19109
19101
19095
19081
19071
19070
19066
19058
19044
19041
19035
19031
19028
19006
19015
19004
19009
18990
18990
18972
18971
18965
18955
18951
18939
18923
18935
18934
18926
18907
18888
18895
18869
18868
18855
18854
18849
18838
18815
18811
18819
18816
18816
18817
18803
18793
18786
18782
18770
18743
18746
18738
18739
18724
18715
18713
18708
18700
18688
18676
18670
18645
18634
18626
18608
18601
18605
18586
18568
18569
18569
18563
18549
18531
18531
18529
18522
18516
18498
18497
18480
18488
18491
18470
18472
18462
18463
18440
18446
18434
18431
18437
18421
18414
18414
18405
18407
18408
18391
18393
18388
18377
18377
18356
18350
18351
18339
18332
18326
18316
18316
18319
18309
18291
18284
18277
18279
18275
18256
18254
18256
18243
18240
18227
18227
18224
18222
18215
18208
18196
18190
18192
18183
18171
18161
18161
18157
18142
18139
18136
18143
18143
18129
18110
18115
18098
18097
18087
18070
18069
18055
18052
18030
18026
18026
18018
18017
18006
17993
17991
17982
17974
17958
17958
17943
17938
17937
17937
17922
17923
17918
17911
17902
17901
17880
17879
17862
17858
17838
17831
17825
17829
17818
17813
17803
17794
17785
17783
17761
17762
17750
17751
17738
17738
17729
17715
17714
17716
17707
17700
17691
17687
17683
17672
17651
17637
17641
17638
17629
17613
17631
17622
17625
17619
17615
17596
17592
17591
17590
17590
17579
17567
17567
17555
17550
17540
17553
17546
17537
17528
17519
17507
17506
17494
17493
17484
17468
17467
17461
17454
17451
17444
17444
17419
17415
17415
17403
17412
17388
17394
17374
17377
17370
17363
17361
17357
17352
17345
17333
17321
17320
17316
17306
17295
17289
17278
17275
17276
17273
17262
17254
17254
17243
17233
17231
17204
17196
17185
17197
17178
17173
17171
17172
17159
17149
17137
17134
17143
17129
17115
17110
17109
17101
17092
17104
17092
17092
17092
17075
17067
17062
17055
17045
17045
17048
17039
17029
17021
17015
17004
17004
16998
16994
17004
16985
16974
16982
16977
16962
16951
16949
16930
16920
16916
16917
16913
16913
16906
16894
16886
16886
16881
16883
16876
16865
16857
16857
16855
16846
16839
16830
16834
16831
16815
16805
16803
16796
16788
16779
16760
16745
16744
16741
16723
16706
16706
16700
16692
16685
16661
16656
16645
16645
16630
16615
16606
16595
16605
16585
16577
16559
16555
16536
16516
16512
16488
16479
16470
16453
16437
16437
16438
16436
16432
16417
16403
16406
16404
16391
16369
16363
16361
16348
16322
16317
16325
16313
16321
16310
16300
16271
16271
16254
16240
16240
16229
16216
16210
16207
16192
16190
16193
16188
16174
16168
16159
16145
16145
16118
16122
16111
16110
16097
16090
16076
16077
16065
16050
16037
16021
16023
15999
15998
15971
15951
15942
15942
15930
15914
15913
15906
15888
15867
15849
15831
15817
15809
15798
15775
15749
15749
15739
15728
15711
15693
15685
15663
15661
15661
15641
15618
15621
15593
15571
15552
15547
15535
15524
15516
15503
15486
15478
15454
15443
15425
15426
15411
15392
15379
15372
15353
15334
15311
15281
15247
15242
15218
15199
15178
15160
15137
15114
15090
15070
15044
15037
15016
15004
14979
14945
14938
14927
14902
14911
14916
14916
14905
14896
14896
14891
14887
14891
14891
14861
14860
14854
14859
14850
14841
14830
14821
14823
14824
14812
14809
14809
14798
14790
14780
14784
14775
14770
14755
14736
14730
14722
14706
14711
14702
14697
14693
14672
14652
14640
14644
14641
14618
14613
14591
14586
14577
14571
14567
14547
14538
14555
14545
14511
14511
14511
14506
14493
14476
14471
14457
14459
14442
14439
14427
14419
14412
14395
14402
14392
14377
14377
14360
14357
14352
14338
14323
14324
14310
14303
14294
14287
14276
14268
14268
14257
14261
14261
14256
14239
14234
14236
14230
14234
14211
14216
14206
14209
14207
14212
14205
14205
14200
14200
14187
14182
14182
14177
14174
14173
14165
14157
14168
14159
14146
14140
14141
14137
14120
14100
14085
14081
14078
14064
14058
14046
14052
14042
14039
14039
14039
14019
14007
13996
13972
13972
13955
13950
13939
13918
13915
13900
13900
13888
13879
13858
13852
13846
13824
13807
13790
13771
13760
13760
13749
13736
13722
13725
13710
13698
13690
13675
13664
13649
13642
13632
13625
13614
13601
13576
13567
13565
13561
13550
13533
13515
13511
13513
13513
13487
13481
13468
13451
13440
13430
13410
13402
13382
13374
13363
13347
13326
13320
13316
13292
13285
13268
13254
13247
13232
13232
13215
13207
13206
13182
13167
13148
13140
13126
13116
13096
13085
13088
13085
13081
13064
13063
13050
13046
13038
13009
13021
12993
12995
12972
12957
12957
12953
12951
12936
12925
12918
12901
12887
12873
12869
12839
12832
12807
12810
12779
12771
12755
12763
12739
12723
12706
12687
12688
12672
12659
12639
12639
12622
12613
12590
12588
12564
12578
12567
12547
12538
12526
12526
12524
12490
12480
12475
12478
12456
12450
12441
12434
12431
12421
12386
12388
12378
12378
12359
12343
12317
12311
12299
12287
12271
12254
12253
12245
12226
12212
12177
12182
12177
12152
12119
12103
12086
12073
12078
12078
12067
12044
12032
12024
11993
11971
11948
11940
11923
11917
11901
11886
11878
11880
11869
11846
11838
11834
11812
11800
11777
11748
11742
11742
11733
11714
11699
11689
11689
11691
11666
11648
11646
11636
11632
11613
11613
11603
11599
11581
11561
11556
11549
11555
11542
11524
11523
11528
11514
11507
11486
11493
11468
11468
11463
11462
11453
11465
11446
11445
11432
11424
11419
11410
11386
11385
11372
11356
11357
11346
11338
11325
11314
11306
11299
11285
11270
11263
11263
11259
11247
11250
11232
11225
11243
11209
11215
11208
11193
11185
11182
11171
11161
11161
11152
11148
11119
11126
11131
11135
11125
11118
11106
11106
11106
11103
11090
11075
11069
11060
11056
11042
11045
11034
11040
11040
11027
11023
11019
11024
10997
10996
10987
10987
10971
10976
10950
10954
10962
10941
10941
10936
10933
10925
10917
10899
10897
10894
10886
10886
10878
10864
10853
10846
10861
10845
10843
10833
10836
10824
10824
10805
10794
10784
10789
10779
10779
10773
10765
10769
10755
10754
10744
10738
10730
10723
10728
10703
10709
10706
10714
10714
10701
10706
10701
10695
10690
10681
10682
10672
10676
10663
10663
10661
10676
10658
10670
10654
10650
10650
10646
10647
10637
10623
10627
10614
10621
10608
10605
10600
10606
10594
10576
10567
10574
10553
10544
10530
10520
10502
10489
10474
10474
10465
10461
10450
10444
10425
10419
10401
10399
10394
10381
10370
10362
10365
10351
10346
10328
10314
10307
10300
10295
10283
10276
10258
10245
10239
10239
10219
10227
10227
10217
10211
10206
10204
10206
10192
10179
10169
10170
10172
10169
10159
10157
10148
10160
10154
10150
10151
10146
10143
10134
10133
10123
10123
10139
10120
10118
10122
10105
10125
10115
10102
10091
10093
10094
10076
10063
10061
10062
10058
10048
10031
10024
10044
10047
10037
10020
10020
10028
10027
10006
10012
10003
9996
9994
9988
9987
9968
9961
9964
9943
9938
9927
9905
9908
9908
9905
9898
9895
9886
9881
9868
9870
9870
9858
9858
9857
9844
9842
9831
9822
9821
9801
9802
9807
9812
9801
9797
9788
9780
9775
9771
9756
9760
9759
9748
9739
9734
9743
9744
9744
9734
9735
9722
9731
9730
9721
9723
9709
9705
9711
9700
9699
9709
9699
9709
9693
9692
9681
9676
9661
9661
9663
9652
9665
9651
9651
9645
9641
9637
9637
9632
9631
9616
9611
9606
9599
9576
9572
9567
9572
9561
9549
9557
9562
9547
9539
9531
9534
9533
9527
9517
9517
9506
9501
9507
9490
9488
9496
9484
9484
9468
9465
9453
9440
9449
9434
9424
9422
9419
9417
9406
9403
9400
9389
9374
9369
9355
9355
9355
9354
9329
9319
9309
9319
9297
9295
9296
9291
9284
9273
9263
9258
9244
9243
9234
9215
9203
9199
9191
9192
9187
9169
9169
9158
9151
9134
9118
9097
9096
9087
9074
9070
9076
9058
9062
9047
9036
9038
9028
9026
9002
8994
9002
8974
8974
8956
8961
8939
8948
8950
8941
8941
8914
8912
8928
8893
8892
8889
8880
8876
8874
8869
8865
8868
8869
8855
8847
8850
8846
8837
8829
8823
8817
8813
8802
8802
8803
8787
8795
8779
8776
8759
8756
8753
8723
8724
8714
8712
8701
8702
8687
8684
8677
8668
8648
8637
8637
8628
8608
8592
8573
8573
8574
8566
8557
8550
8533
8527
8522
8505
8478
8475
8470
8465
8432
8421
8408
8408
8405
8384
8374
8357
8355
8341
8316
8293
8293
8284
8275
8263
8246
8238
8221
8214
8209
8187
8178
8158
8149
8139
8124
8094
8086
8075
8061
8056
8038
8032
8033
8009
8001
7991
7971
7956
7949
7949
7938
7911
7915
7904
7891
7889
7873
7875
7875
7861
7854
7839
7835
7828
7813
7806
7787
7797
7795
7779
7782
7778
7774
7759
7755
7755
7752
7749
7739
7738
7732
7727
7714
7712
7714
7705
7706
7695
7688
7676
7663
7673
7645
7633
7612
7609
7607
7601
7582
7588
7573
7565
7548
7541
7541
7531
7526
7505
7506
7483
7474
7464
7462
7459
7439
7426
7417
7405
7393
7375
7361
7363
7349
7347
7330
7333
7338
7336
7312
7306
7294
7294
7285
7273
7260
7247
7247
7236
7215
7217
7201
7198
7201
7188
7167
7155
7150
7130
7123
7105
7082
7077
7061
7052
7035
7030
7019
7000
6995
6970
6963
6969
6958
6958
6943
6940
6932
6918
6915
6886
6904
6901
6891
6873
6865
6857
6861
6856
6838
6835
6829
6827
6823
6815
6804
6807
6800
6805
6805
6780
6791
6790
6787
6770
6768
6750
6752
6742
6762
6753
6736
6733
6739
6727
6709
6670
6682
6673
6674
6666
6660
6640
6663
6649
6643
6643
6627
6623
6624
6608
6600
6594
6578
6574
6563
6543
6565
6542
6536
6524
6500
6495
6491
6483
6472
6464
6448
6442
6433
6415
6415
6423
6406
6396
6390
6381
6374
6366
6365
6341
6336
6332
6317
6298
6298
6287
6274
6251
6242
6231
6214
6206
6188
6174
6164
6142
6142
6130
6112
6102
6078
6060
6040
6028
5995
5985
5963
5951
5930
5917
5894
5875
5875
5865
5836
5825
5800
5786
5764
5757
5732
5708
5708
5709
5687
5670
5662
5641
5623
5605
5600
5572
5566
5544
5523
5511
5491
5474
5456
5439
5424
5410
5384
5372
5351
5337
5320
5320
5303
5291
5278
5254
5237
5222
5206
5194
5176
5173
5166
5157
5152
5132
5115
5101
5090
5072
5061
5040
5026
5016
5003
5003
4988
4982
4975
4957
4944
4943
4931
4914
4909
4892
4878
4875
4868
4859
4846
4835
4817
4814
4788
4777
4768
4756
4739
4720
4704
4712
4712
4689
4678
4655
4644
4636
4631
4598
4585
4591
4568
4560
4536
4530
4524
4518
4502
4491
4470
4455
4444
4423
4405
4405
4398
4387
4374
4364
4347
4340
4324
4324
4316
4305
4292
4287
4274
4258
4245
4241
4229
4219
4213
4206
4209
4204
4190
4180
4169
4169
4157
4158
4139
4133
4120
4118
4117
4096
4086
4078
4082
4067
4055
4053
4051
4050
4031
4014
3997
3990
3977
3968
3958
3945
3933
3933
3908
3905
3892
3869
3857
3857
3847
3833
3823
3816
3813
3798
3793
3790
3789
3777
3774
3765
3756
3742
3732
3717
3708
3708
3696
3696
3697
3682
3671
3659
3653
3637
3613
3604
3604
3595
3578
3561
3538
3523
3533
3504
3500
3490
3481
3487
3463
3446
3431
3406
3406
3390
3386
3350
3347
3333
3317
3305
3293
3284
3273
3269
3249
3240
3226
3211
3185
3159
3161
3154
3140
3127
3117
3106
3103
3086
3080
3066
3065
3056
3045
3032
3031
3017
3011
3011
3002
3003
2986
2999
2973
2976
2952
2953
2947
2950
2929
2925
2917
2902
2891
2875
2864
2852
2841
2830
2816
2799
2793
2793
2784
2774
2760
2747
2737
2734
2721
2701
2687
2675
2671
2654
2630
2627
2604
2596
2586
2569
2562
2550
2531
2510
2492
2475
2478
2465
2449
2449
2426
2425
2414
2402
2396
2389
2386
2364
2367
2341
2341
2332
2328
2312
2316
2305
2297
2288
2278
2268
2270
2270
2256
2256
2241
2228
2221
2224
2214
2194
2191
2197
2191
2177
2176
2174
2162
2157
2135
2124
2109
2105
2094
2092
2088
2079
2070
2058
2058
2038
2033
2031
2026
2017
1998
1995
1989
1982
1969
1966
1971
1960
1957
1944
1935
1926
1923
1924
1911
1901
1902
1902
1896
1887
1887
1885
1883
1882
1875
1866
1851
1854
1858
1852
1843
1841
1837
1841
1832
1826
1822
1821
1810
1804
1794
1790
1786
1781
1772
1766
1766
1758
1761
1750
1747
1735
1733
1728
1720
1719
1707
1702
1690
1678
1663
1662
1653
1642
1638
1630
1612
1598
1598
1581
1570
1570
1564
1555
1542
1534
1527
1519
1511
1500
1490
1476
1474
1473
1449
1424
1409
1402
1389
1372
1364
1355
1345
1336
1324
1316
1305
1299
1291
1278
1278
1267
1248
1229
1216
1195
1176
1174
1139
1123
1105
1096
1063
1051
1035
1018
1009
1005
989
977
963
952
945
937
937
919
911
889
871
850
830
804
792
779
763
739
723
712
690
671
663
650
640
623
604
589
569
555
555
514
502
487
474
455
434
434
432
417
399
382
362
349
335
322
308
275
234
197
178
160
130
109
85
68
50
34
26
19
19
18
16
14
13
7
5
3
2
2
2
4
2
3
0
65534
0
65534
2
2
0
2
0
65534
65532
65534
65534
1
3
65535
2
5
65535
0
65533
0
65534
1
2
1
1
65532
1
65535
65535
0
1
1
3
0
65534
65534
1
65535
0
2
5
2
3
0
65534
65534
0
65534
1
65535
3
4
65534
0
65535
65533
65535
65535
65534
1
1
0
0
65534
65535
65534
65534
65534
65534
2
65535
1
0
65534
65535
1
65535
65535
3
2
0
1
65532
65532
65535
2
65535
0
0
2
1
65534
0
65531
65534
0
0
65535
3
0
2
65534
0
65533
65534
2
2
0
2
0
65535
0
65535
0
65531
1
0
65535
3
65534
0
65535
65534
65533
0
65534
0
65535
1
65533
65533
65533
65532
0
65534
3
65534
2
65532
65535
0
65532
65533
3
0
2
1
65534
65535
65534
2
65532
0
2
0
0
1
0
65535
0
65534
65535
3
65533
0
65534
0
65532
0
65535
1
65535
1
0
1
65531
1
65533
65533
65535
3
0
0
65535
1
1
65534
65534
65533
0
0
65535
65533
3
0
65532
65534
65534
65535
2
0
0
65532
0
65533
1
65535
2
65534
1
1
1
65535
65535
65534
0
65535
0
0
1
0
65534
65534
65534
1
1
65535
3
65535
0
65533
65535
65535
65535
1
65535
2
65534
65534
2
65534
65534
65530
3
3
0
3
65535
65534
65534
65535
0
0
2
2
2
1
65535
65535
65535
1
65534
2
2
0
0
65534
65533
0
65532
0
1
1
0
65533
65535
65533
65535
1
4
0
0
65535
0
65531
65535
1
65535
1
1
1
65535
65533
65535
65532
65535
1
2
65534
4
65533
0
65531
0
65535
0
2
65535
1
65532
65534
65533
0
2
2
2
0
65535
65534
65534
65535
65533
65535
3
1
65534
65535
65535
65535
1
65534
1
0
1
2
65532
65534
65534
65535
3
65533
2
65535
65535
1
65534
65533
65535
0
2
65534
2
0
65533
1
65533
65535
1
1
1
0
65532
65534
0
65533
65533
0
2
0
1
0
65532
65534
65533
0
65535
1
0
65535
0
65535
0
0
65535
3
0
65533
5
65534
65535
0
65535
2
3
4
65535
0
65533
65535
65535
0
1
65535
2
2
0
65533
65534
65534
65534
0
1
65535
3
0
65534
65534
65535
65535
1
65535
0
0
65533
65534
0
65534
65534
65534
1
1
65534
1
65531
2
65532
65533
0
65534
2
0
0
65533
65534
65533
0
0
65534
0
1
0
0
65535
0
65533
65533
65535
65535
2
1
2
0
65534
0
65532
0
0
0
3
65535
1
65532
65535
65535
0
1
65535
65532
2
65532
0
65533
0
65535
2
0
0
65535
1
65532
65534
65535
65535
1
65534
0
65535
65535
0
0
65531
1
1
0
65535
1
65533
65534
65534
65534
65535
65535
1
65535
0
65533
65534
65535
0
65534
65535
1
1
0
65534
65533
65535
65534
2
0
65535
1
0
65535
0
65533
65535
1
1
1
1
65534
65535
65534
0
65534
1
3
3
65535
65533
1
65534
65534
65534
0
65535
2
1
65535
0
65533
65532
0
65535
0
0
65534
1
65531
65534
0
0
65533
65535
1
5
65535
65535
65535
65534
65534
0
1
65534
0
65533
65534
65534
65535
1
65534
2
1
65534
65534
65533
65533
65534
65535
1
1
0
65533
65535
65534
2
65533
0
65535
2
1
65534
3
65533
65534
65534
1
0
65535
65535
0
1
65533
65533
3
0
65533
1
3
65533
65535
65534
65533
1
0
1
1
1
65535
65535
65530
65535
0
0
65534
65535
3
65535
65535
65533
65535
2
65535
3
0
65535
65535
65534
65534
2
65535
4
65534
0
65533
0
65533
65535
65535
0
3
2
0
65535
0
65533
0
65531
0
0
0
65535
1
65533
65533
0
0
0
1
65534
1
65532
65532
65535
65534
0
0
0
0
1
0
65533
65533
65534
1
65535
2
65535
65535
65535
65533
65533
4
1
0
65535
0
0
65532
65531
65533
0
65534
1
65533
0
65534
1
65532
65535
0
2
65535
1
0
65532
65530
65532
0
65534
1
1
1
65535
65533
65534
65534
2
65534
1
2
0
65535
65535
65534
65533
1
0
2
0
65535
0
65532
65533
0
0
65535
3
3
65534
65533
65532
65533
65535
2
0
1
0
65532
65533
65533
0
0
0
0
1
65535
0
65533
65533
65533
65533
1
65535
65535
1
0
65535
65534
65535
0
65533
3
2
65535
65534
0
1
1
0
65535
2
65533
65535
0
65534
1
1
0
65535
1
65533
65533
65534
65535
0
2
1
65532
1
65532
65534
0
0
1
65535
4
2
0
65534
65533
65535
0
0
65534
65534
3
1
65532
65533
65533
65535
1
0
1
65532
0
65533
65533
1
0
65534
2
65535
0
65534
65534
0
0
65535
3
3
65535
65533
65535
65533
0
0
0
65535
3
65534
65534
65534
65533
65535
65535
2
5
1
0
65534
65533
65534
2
65535
0
0
1
65534
0
65533
65534
1
0
1
65535
1
65534
65534
65535
0
65534
2
2
1
0
0
65531
65534
65534
0
1
1
1
1
0
65534
65533
65533
0
65532
0
65535
0
1
65535
0
65535
4
1
0
65534
2
65534
1
65535
65534
0
65534
65534
65533
0
65530
0
0
0
65535
1
65535
4
3
4
3
0
3
2
2
1
1
65534
0
65535
65535
65535
65535
0
3
0
1
1
2
0
65533
0
65533
65534
0
0
0
0
0
0
65533
65535
65535
2
65532
1
2
65532
65532
0
65535
65532
2
0
2
1
65535
2
0
65535
65535
65535
65535
65535
1
1
65535
0
0
65535
2
0
1
1
0
1
1
65533
65533
0
2
